Doc #0: 0.0596407582295 0.0732208435743 0.00952103387143 0.0549118550356 0.0872443081711 0.0444067698327 0.0611978854809 0.00347814900598 0.0409632188757 0.0326211622691 0.0213327905391 0.0593075519445 0.0440347637442 0.0977526737673 0.0534567694144 0.0605057722319 0.0362765238975 0.0153713682636 0.076526320266 0.0682294815853
Doc #1: 0.0277023080596 0.0335997527157 0.0770482814523 0.0224358235517 0.0212000516862 0.065639579899 0.0491937444509 0.0921017394398 0.103126393276 0.0473439317233 0.0388268594976 0.0971379340629 0.016470073554 0.0429238017456 0.0717305942724 0.0208254256455 0.0417089183086 0.00880006507502 0.0730403250099 0.0491443965735
Doc #2: 0.0543355772789 0.0733472782414 0.0564877622467 0.0542356174773 0.0334028056387 0.0220495968947 0.0601441707472 0.0703164706636 0.0283936660994 0.0685019299282 0.0474876945635 0.0142248485444 0.0752595162946 0.0451265931295 0.0437655444059 0.00552449972899 0.0731286247369 0.0773357511188 0.0541735203945 0.0427585318668
Doc #3: 0.0338315430046 0.060523357829 0.047568887959 0.0842424070754 0.0253613711198 0.0641413434008 0.0649619987349 0.0521341607915 0.0256393392774 0.0550331519675 0.0879806396038 0.0301300076304 0.0119569541695 0.0448790646534 0.0804127586626 0.00995436268984 0.0397853053745 0.070551320496 0.0376218764089 0.0732901491509
Doc #4: 0.00405429258822 0.0837226344809 0.0248633041876 0.0393180724314 0.0400644448037 0.0258737159029 0.131545607077 0.101370851016 0.0425114303159 0.00533344747988 0.0750258256278 0.0184783438836 0.0538450719079 0.067373396405 0.0378482644206 0.0413284977195 0.0698361166473 0.0552984673328 0.0452075255451 0.037100690227
Doc #5: 0.0480407761158 0.0543327890855 0.0276226240032 0.0363796963875 0.0450266526914 0.0949146583222 0.0713375217396 0.103784924332 0.0216207067642 0.036173281875 0.0274760401008 0.0377933160959 0.0339005369663 0.0984655085039 0.00392800739559 0.0556016305568 0.00671062037795 0.0647336376573 0.113572154036 0.0185849169927
Doc #6: 0.0232696547507 0.0760614453895 0.069378988346 0.0543454303955 0.00401256738927 0.0625185328503 0.0775948748607 0.0896934773675 0.0240573429051 0.0536921458974 0.00613140217849 0.0128937124467 0.0287848495046 0.0257993335463 0.0794524816377 0.0949528307024 0.0669198325993 0.0723957458823 0.0687121570824 0.00933319426786
Doc #7: 0.0401698288471 0.0397840399805 0.0818266143366 0.0207520316745 0.0896010695891 0.0624348929832 0.0331969142317 0.0980451329167 0.0168467780683 0.0181799776803 0.0200656655725 0.0824855253759 0.0801416920451 0.00626970281619 0.0167127322666 0.0178139950328 0.0265773971529 0.0974174296933 0.0535900187926 0.098088560944
Doc #8: 0.0565689557635 0.0313854978337 0.03002992006 0.0631720352978 0.0895391149891 0.0283500424627 0.0297518822291 0.02597142535 0.0549693516786 0.0666491857086 0.081468919723 0.0422563491709 0.00335429023623 0.101885377573 0.045022898718 0.0730861395407 0.0845431320061 0.0115742334842 0.0290077812007 0.0514134669738
Doc #9: 0.0530530537564 0.0853062961395 0.0008640861383 0.0328869028124 0.0214687741505 0.0300616831765 0.0147166267538 0.0303013024609 0.0775714594025 0.00995104838807 0.0950475169123 0.0630849259563 0.0263579062505 0.0487978898786 0.0851112642866 0.0871522892857 0.0488396081039 0.0640154724091 0.091128685568 0.0342832081701
Doc #10: 0.0842830401043 0.0731000719198 0.098291504162 0.0580183982666 0.00296870558364 0.0528284852792 0.0567978128092 0.0636832178358 0.00177582399474 0.0760474811256 0.0690192886336 0.00863590702771 0.0025066600257 0.060666697186 0.0190835003794 0.0742588194438 0.0717729219938 0.0708333402273 0.0354092011972 0.0200191228048
Doc #11: 0.0473442280411 0.0169680305212 0.0123297451529 0.0225308521592 0.0122228459966 0.0403266902624 0.0573030868871 0.0875472788636 0.0276779957482 0.080458628381 0.0796901183888 0.0777903649075 0.0297161819942 0.0406528026604 0.0623711717266 0.0705459001225 0.0715662468463 0.0506665260221 0.055127893891 0.0571634114274
Doc #12: 0.0292478368031 0.0529196784671 0.0836570133125 0.0945874968472 0.0501441008907 0.0199851313417 0.0529626722372 0.0207298920267 0.0152326550017 0.0362765360172 0.051639367101 0.0453563954429 0.029107931946 0.0454705152101 0.0638883156148 0.061060703697 0.0383166190606 0.0609600299094 0.0957688153682 0.0526882937049
Doc #13: 0.0556522573197 0.0393060534681 0.0142233419909 0.0816294736719 0.069543017354 0.0263599842903 0.0281746957442 0.0831163878015 0.0671198592253 0.0117041575698 0.0510833948407 0.0378662187109 0.105572299265 0.0811472761726 0.00239300860984 0.0593416333967 0.0843683486171 0.0274236311393 0.0115430054652 0.0624319553466
Doc #14: 0.0996941744805 0.048534289502 0.0817044409348 0.00653987295185 9.05236791546e-05 0.0407992623965 0.022284986074 0.0745729144047 0.0240754779059 0.0270128009458 0.0914266342542 0.0614167560514 0.0332798027588 0.0185025168851 0.0233841592712 0.0777959626546 0.085844526376 0.0353281791421 0.0746256804338 0.0730870388977
Doc #15: 0.0624029431963 0.0429083707002 0.119702448361 0.0740045362256 0.0481123482454 0.0274148061462 0.00722751609552 0.0205157244074 0.0304575987627 0.0395958720143 0.0659784643458 0.0247900487073 0.0211622528228 0.0638739557676 0.125424016255 0.0296049609538 0.0162049650677 0.0597335197139 0.067386794022 0.053498858189
Doc #16: 0.0623918709434 0.0308880783128 0.015377974778 0.0367078998494 0.0415317326909 0.0242651768432 0.065428399937 0.027639026205 0.0522251939716 0.0910410857646 0.106462844896 0.0433080177456 0.00341938577723 0.0759553319546 0.0743858457032 0.022643022099 0.0638038476568 0.057096102435 0.0491610705495 0.0562680918873
Doc #17: 0.00793792069866 0.0591694441549 0.0608400004742 0.0959682929526 0.0253159187584 0.0754385258519 0.000127087081295 0.0564187012025 0.0811429680167 0.0703487053969 0.00147774090604 0.0787838950415 0.0127372399044 0.108319973359 0.0583932236352 0.0614170127901 0.0318499645865 0.0264617471921 0.0348317340867 0.0530199039098
Doc #18: 0.0315406220301 0.0596071388305 0.0765053289905 0.0552705035476 0.048608849237 0.075813136042 0.0586506664141 0.0422487793401 0.0631297035315 0.0321582035968 0.00875903741288 0.0800937190502 0.0238963380668 0.0689821683738 0.0396823272996 0.0641421984692 0.0350681758805 0.0116616843377 0.044102509829 0.08007890972
Doc #19: 0.036976298081 0.0767505274392 0.0238588506245 0.0715246274728 0.0696213604147 0.0455718579121 0.0140342466127 0.0321843777959 0.0130281661819 0.0660469086908 0.0413296744748 0.113733074895 0.0607945849784 0.0117245213959 0.0364907417269 0.0117325959196 0.0663726434062 0.0613754270618 0.084456355436 0.0623931594805
Doc #20: 0.105553922264 0.0909323730821 0.00769946320284 0.0844529454663 0.0493263596609 0.0904469245038 0.0314777085601 0.0300499488932 0.0975728148942 0.0197240395009 0.00950504989944 0.0166774732505 0.070988927148 0.060518071068 0.0392223843453 0.0199122623282 0.0146068665234 0.0102470231672 0.080431248755 0.0706541934862
Doc #21: 0.0222288473388 0.0073204945902 0.00155261004881 0.130185679442 0.0352603237713 0.0831953876852 0.0575765228851 0.0520748393906 0.0512720060158 0.0224622268998 0.00192110790264 0.105598470453 0.0238280380345 0.0483104414002 0.0150108685159 0.0834390503405 0.132230659486 0.013291209918 0.089495547137 0.0237456687442
Doc #22: 0.0603293501126 0.0680630390321 0.0493830241935 0.0972815136092 0.0120876486403 0.109426301389 0.00361242099334 0.0388297592614 0.042483621434 0.0327282588789 0.0381924447637 0.0157868503772 0.00476845285495 0.0900419869329 0.00936605690927 0.0954334165214 0.00995205610217 0.0756038171418 0.0590580799965 0.087571900856
Doc #23: 0.0588791201315 0.0829812567549 0.0587813390986 0.054753622909 0.0160306253931 0.0293776001886 0.0100290554088 0.0458755798864 0.0688263950355 0.0101527445742 0.0754213369954 0.0924481958157 0.0756177819268 0.10067943706 0.0376257461121 0.0535190555133 0.0228235307875 0.00942098902778 0.0173169736653 0.0794396137157
Doc #24: 0.0575205904105 0.0137960219129 0.0497092495416 0.0520489947103 0.0672235930476 0.051130253729 0.0428003232772 0.109333821688 0.0679667828736 0.0500886132717 0.07932254211 0.0663012802704 0.0323954663699 0.0256692880077 0.000669044969209 0.0676910286703 0.0187473210619 0.0841346535022 0.028407683194 0.0350434473817
Doc #25: 0.00248366635291 0.0681095600549 0.0240485538773 0.0400207477737 0.036793636116 0.0704806849749 0.100864802453 0.0268386833444 0.0464034461903 0.0630811757016 0.103461613215 0.0217099459233 0.0265094517378 0.0374951571758 0.0856794160603 0.0752678768138 0.0778332558798 0.0573475017232 0.0166180152377 0.0189528093949
Doc #26: 0.0495752540132 0.0278770222144 0.000524494012333 0.00236176921384 0.0748969847643 0.0723595618851 0.0100130556039 0.0480809009866 0.0418801162408 0.0348493968391 0.0788774986994 0.00585199707505 0.0324735436681 0.00439782066215 0.134544736727 0.0966012640723 0.0762380458333 0.0960912448214 0.0435950743656 0.0689102183018
Doc #27: 0.0203759298779 0.126176351384 0.0706426689827 0.0199182091996 0.0674979927492 0.0250230405565 0.000859001232448 0.0378434187663 0.0715248990379 0.0423571924705 0.0116277053251 0.0299989927185 0.0349741809275 0.103317646126 0.110004417566 0.0113300777168 0.0883925198338 0.0528060986157 0.0114221435167 0.0639075133968
Doc #28: 0.0163649019238 0.0620169771349 0.0364518738441 0.0180340073072 0.0887796257269 0.0662257521697 0.0575143057879 0.0446320101966 0.0966099451595 0.0662993321071 0.0765056662503 0.0420900251009 0.0829530198018 0.0145110832128 0.00721210322658 0.0766254676652 0.0250317174466 0.0546407479593 0.0150506817359 0.0524507562428
Doc #29: 0.0695637661773 0.0223252404408 0.0764836321911 0.0697258431577 0.0669640857605 0.0686529388417 0.00232862667134 0.0617421205653 0.0352323162119 0.0307095646121 0.0839916060642 0.0308351836199 0.0123162392167 0.0318723081664 0.0676348478441 0.0543242002604 0.00183890899216 0.0948321806815 0.0274953737742 0.0911310167507
Doc #30: 0.0181658496025 0.0535731574306 0.0306281591448 0.0461557835957 0.0391163107343 0.0731553434047 0.0733571925097 0.0597886669108 0.0423575438034 0.0201768202823 0.0557509958238 0.0666234299139 0.104527213802 0.0742940402764 0.0376163791322 0.0630794919298 0.0178471331852 0.0546727634764 0.0327931469783 0.0363205780627
Doc #31: 0.0486465892468 0.0228956646364 0.0605415696592 0.0748654858912 0.0412087761434 0.0940594048939 0.0641113591741 0.0438422746208 0.0183700406742 0.00918943902846 0.0468470791598 0.033807244486 0.0571817193796 0.061727136721 0.0668909092128 0.0556619198703 0.0259410502996 0.0531932013891 0.0244472817066 0.0965718538068
Doc #32: 0.033456237262 0.0826107139652 0.102355954102 0.0292438267965 0.0309380366224 0.0399982985486 0.0663490759548 0.0412625337717 0.0107348432057 0.0785504817048 0.0442232339478 0.0918534791655 0.021574403779 0.0521947146576 0.0864086190341 0.00574474615775 0.028302674333 0.0599739184095 0.0478608369722 0.0463633716093
Doc #33: 0.0635134773318 0.0437470143152 0.100546285729 0.100590442631 0.0430900914931 0.0873357505189 0.0162568189657 0.0335302789458 0.0716789956911 0.101048473812 0.0658366545102 0.0409814355399 0.0697091666022 0.0357053648246 0.034242985198 0.0483425919688 0.00193810885644 0.0223369495734 0.008223454701 0.0113456587917
Doc #34: 0.0906826043659 0.0318633243444 0.0892537269583 0.0455824717159 0.0613978382313 0.0600867839077 0.00391647249897 0.0651948339325 0.0588677073993 0.0790327145013 0.0262082022061 0.0186262709182 0.00542886239721 0.00747910405909 0.0766413246176 0.0548209140021 0.0477860114563 0.0952424232455 0.0348976091157 0.0469908001266
Doc #35: 0.0017644658164 0.0206588905012 0.0971842979563 0.109366655428 0.00358036930397 0.0336756295385 0.0553853529998 0.00926243412698 0.138998989862 0.132185657561 0.0693478557924 0.0170647724168 0.0368282863266 0.0199354738298 0.014316839562 0.057366217456 0.0414662169021 0.0307076530514 0.0336314650207 0.0772724765476
Doc #36: 0.0740078799004 0.0138061104585 0.0404223442155 0.00597490896356 0.0485251511323 0.0711717737196 0.0126659928373 0.00858297457983 0.106853055754 0.0931484104071 0.066400957853 0.0639622420836 0.0830014506976 0.101583098978 0.0299077098884 0.0357089884422 0.000826788599934 0.022173585597 0.0912798280431 0.0299967478489
Doc #37: 0.0825840958179 0.0424422873944 0.06505157794 0.0801704937168 0.0379380518256 0.0307220381565 0.0414538089587 0.063466008981 0.0155891605501 0.0501600701448 0.0942597121893 0.063056572032 0.0259456033148 0.0176672345296 0.0126643911049 0.0598883168732 0.0555845813507 0.0467207399594 0.0406719094887 0.0739633456719
Doc #38: 0.0210094698766 0.0472476242928 0.0570890259387 0.100354955316 0.0412752732977 0.0206199951326 0.0511276622981 0.0442080707952 0.0047322339875 0.0662668427367 0.0319717680538 0.0488192695781 0.0747359858257 0.010782523022 0.0765226361947 0.0906284140634 0.0746686393683 0.030572576739 0.0874244752616 0.0199425582217
Doc #39: 0.0401509589795 0.102933734285 0.0680830079156 0.0104350789423 0.0550650483556 0.0874984340208 0.0334951737802 0.0336873125712 0.0451939095573 0.0273186189509 0.0138944508204 0.0794907013206 0.0625475728299 0.0693345268041 0.0787069059984 0.00176033553141 0.129175669282 0.00976064908756 0.0422520183797 0.00921589258796
Doc #40: 0.0306743505657 0.0117082458114 0.0260355567035 0.0178036176989 0.0307993137587 0.0549958733455 0.0637437651542 0.0637533027424 0.0379056354812 0.0682863160239 0.0039229938976 0.0816523243279 0.0879135175163 0.0659761535724 0.0310719616169 0.101505763399 0.0201711055003 0.0804514334913 0.0573586503905 0.0642701190026
Doc #41: 0.105442189761 0.0401022003653 0.0148297746979 0.0605432677634 0.0631573128048 0.0437763052534 0.0505567011779 0.0341796837919 0.0622717776568 0.0126108741181 0.0668747716992 0.0324613268862 0.0304875365962 0.0491059807054 0.0868600698897 0.0130765476535 0.0157930932287 0.0897204732064 0.0621777566171 0.0659723561274
Doc #42: 0.0147870578244 0.0623670699789 0.046567762049 0.0320726566038 0.0216926751075 0.0737524832473 0.0477876338852 0.0353856189201 0.0350174086903 0.0305315677478 0.0940317337302 0.0576997032669 0.101023622662 0.00886637994285 0.0234650058503 0.0474772820173 0.0587533016711 0.0618657881445 0.0521547700512 0.0947004786097
Doc #43: 0.048931253415 0.00610610119876 0.0359102431286 0.0493530012191 0.0819003230625 0.109202055727 0.00267295988129 0.000635018749891 0.0654661400215 0.0617149897556 0.0239814298787 0.074644552139 0.0681738617882 0.0130217411311 0.108147202621 0.0598443798436 0.0368235097883 0.0630799392766 0.0844171205777 0.00597417679692
Doc #44: 0.0324198708259 0.0548542308105 0.0536949935009 0.0276490094515 0.0750446171267 0.062960179356 0.0447780775967 0.0736997937835 0.0693025573241 0.0515238987936 0.0304218823283 0.0178220135288 0.0689817588496 0.0783939797153 0.0255051254113 0.0395887585505 0.00218315402669 0.0721063382936 0.0869670251813 0.0321027355452
Doc #45: 0.0931072265632 0.0833846541445 0.0289441674506 0.0561572071181 0.0572055500461 0.0588357489549 0.0483413739669 0.0465294753465 0.0493091672453 0.0258310970534 0.0441324592226 0.0529490844333 0.100702422328 0.00282832069325 0.0505344982891 0.0185337126868 0.0195415675159 0.0329248691878 0.066401553822 0.0638058439319
Doc #46: 0.0586864192181 0.0706470470091 0.0996690583042 0.0203604115571 0.0144059068162 0.00156086743438 0.061774440834 0.106177898372 0.0098387590095 0.00398043981364 0.0208256701349 0.0170721439664 0.0771434381277 0.0863207906311 0.0721857725628 0.0590039975149 0.0517619237082 0.0717112634889 0.0320535550519 0.0648201964448
Doc #47: 0.0296549638799 0.0046396690668 0.0140446818807 0.0187959055493 0.0523188810898 0.0946879329624 0.0580512393328 0.0612922393708 0.0774477898689 0.0907114136243 0.0595767128579 0.036244177577 0.0630970656844 0.0395880338506 0.0688025330132 0.101310662855 0.00948406827298 0.0257774979464 0.0123990794404 0.0820754518762
Doc #48: 0.0749062684064 0.0815407619338 0.0208763852527 0.0150526392954 0.0469743619048 0.0540033483745 0.055688546757 0.0319183762038 0.0391643683184 0.0395285658167 0.0206074634248 0.0771756964401 0.0545195566592 0.060980417202 0.097547043058 0.0594999140279 0.000193831183097 0.0347256517924 0.0599881723297 0.0751086316195
Doc #49: 0.036561798189 0.0219509964452 0.0463029288265 0.109985234501 0.0719332668315 0.0614973629908 0.0178301650999 0.0988818688916 0.0443883411023 0.0616911112198 0.0103300458078 0.0227848229829 0.0676088294699 0.0416627774477 0.0354165458708 0.0841090291972 0.0350264004488 0.0580441875742 0.0114476791393 0.0625466079641
Doc #50: 0.0987680992676 0.0790374414817 0.0261081142451 0.0848228485302 0.0771294755719 0.0446142496922 0.0549677917494 0.0630496821949 0.0151802809779 0.05528885484 0.00135170942008 0.0990228127743 0.0289492023366 0.0142072700828 0.0160750696651 0.0952847350963 0.0501400383751 0.022385691631 0.0622406588617 0.011375973206
Doc #51: 0.0137642912729 0.0772058803792 0.0875938315994 0.106566285557 0.0660055341458 0.0673705330887 0.0332684968263 0.0335552872053 0.0739362172711 0.0152160476515 0.0392747827828 0.0304774892329 0.0819648499751 0.0066297244734 0.00914350925834 0.121205246 0.0108229307492 0.0474253930445 0.0535285653829 0.0250451041043
Doc #52: 0.0322749789267 0.0175471041715 0.00561160410379 0.0443844040797 0.0276373033466 0.091473694768 0.0690266317812 0.0525793567026 0.0198288159764 0.0415114269431 0.083207192425 0.0344235145665 0.0295570511606 0.106989104957 0.113647550388 0.0860601499638 0.0967770639665 0.0158520451108 0.0156151408154 0.0159958658464
Doc #53: 0.0480141319435 0.0631350211195 0.0127223900751 0.0403447827128 0.0370456855769 0.0411379184023 0.0866015513521 0.0340197965859 0.0676146135143 0.0157495805582 0.0357876298923 0.0376686298365 0.0798401549831 0.0468616275731 0.0114883356369 0.0672920577229 0.0950898174377 0.0229341014192 0.0745860455869 0.0820661280711
Doc #54: 0.0637675316804 0.0441030181036 0.00450255538102 0.0488054680509 0.071125509417 0.0487134830791 0.0412833349155 0.064300036676 0.0989036301946 0.0572138217534 0.0701552677477 0.0500612901534 0.0617294672083 0.0795121784999 0.00358908271201 0.00150422712256 0.0653281026841 0.00899074391777 0.0319782690372 0.0844329816655
Doc #55: 0.0553015672805 0.0638214523993 0.074477032314 0.0401806762429 0.0939499226048 0.055742286862 0.0708094624111 0.0590501250393 0.0253869505834 0.0106311717842 0.0151551807641 0.0197794131606 0.0341693350387 0.0451758793411 0.0730151595392 0.024097248168 0.07108137751 0.0681560499979 0.0158248242558 0.0841948847031
Doc #56: 0.0173774527784 0.0856238637971 0.0620061441895 0.0962684630565 0.0268045939896 0.0540136422981 0.0398603956885 0.00519630078652 0.0336604737437 0.0742070260484 0.0830687741478 0.0826374362844 0.0298406692923 0.0116633016001 0.0144382483648 0.0308775682334 0.0354463933979 0.085915404768 0.059344731528 0.0717491160068
Doc #57: 0.0875510177822 0.0803997555348 0.00525097862916 0.07581012405 0.0571785334795 0.0434117281448 0.014441377212 0.0844354849411 0.0582692637439 0.0263076593209 0.004974746212 0.0268590986939 0.0439655877063 0.00284938774508 0.123027158164 0.0164970940243 0.0958200880891 0.0566983016471 0.0800660108895 0.0161866039906
Doc #58: 0.0689383748838 0.0304318414282 0.010199568162 0.0613274660166 0.000464281389839 0.112344473454 0.0669791022465 0.0314932710868 0.0276554650604 0.018885289714 0.10663541014 0.108461853576 0.0388323249208 0.0572793152899 0.018516302396 0.0112914817179 0.0598378610637 0.0885703246924 0.0335239856438 0.048332007118
Doc #59: 0.0100995514924 0.0586429493005 0.0751030623332 0.0998875211945 0.0164153350728 0.0745497863403 0.0338758223712 0.020072312212 0.0879642306652 0.0563823292183 0.0227704555115 0.050077588776 0.0465918568233 0.0322594018715 0.0473485585337 0.056034533778 0.0100570768834 0.0856978271022 0.0480125014341 0.068157299086
Doc #60: 0.0660259437564 0.00836015219308 0.0235750185391 0.0723707724709 0.0670121396231 0.03003523995 0.078324164506 0.0355551392088 0.0957107522171 0.0628992313302 0.00242338697747 0.0439659062827 0.0907020849174 0.0556034343457 0.0694384346222 0.00380513172345 0.0364812958608 0.0317931523458 0.0829139547974 0.0430046643324
Doc #61: 0.0714163041992 0.0693375601641 0.032829890564 0.0821948517876 0.0346530193372 0.00510018261744 0.0212122005504 0.0556255061956 0.0642164463008 0.02458819002 0.059822212464 0.0604976569388 0.055387015675 0.0375254524788 0.0838673792798 0.0327616104922 0.00299961615419 0.104485520868 0.0304255413243 0.0710538425888
Doc #62: 0.0112992221854 0.0725892181378 0.01436007085 0.0726707860112 0.000185555506246 0.00295927875408 0.107775020243 0.0502034643567 0.0129443720509 0.0694321009353 0.102857147369 0.0743394712758 0.0975248849505 0.023543157603 0.0302454104702 0.0565009499551 0.0189276867258 0.105664985555 0.0125158551363 0.0634613619297
Doc #63: 0.0978470771368 0.0171720354506 0.0184403172168 0.0689370254481 0.0319078210726 0.0074073938556 0.0385942925353 0.079604805488 0.0725521365737 0.0430345352828 0.0776938820035 0.0938052066623 0.0531725205939 0.0498925692115 0.0173088090605 0.0281985569161 0.0356831940736 0.0612938378729 0.0394575605828 0.0679964229625
Doc #64: 0.031255428316 0.0909854414202 0.0823621268866 0.0116250764141 0.0505729462101 0.0372845954368 0.0156265734161 0.0954018058975 0.0609019459464 0.0712332607904 0.0258111775084 0.00512827253861 0.065626013499 0.0621808094573 0.0328666746203 0.0667466927517 0.0241251432609 0.0350549135391 0.0482687226639 0.0869423794264
Doc #65: 0.0463310132757 0.0638121966098 0.0218369978059 0.046022148781 0.0077570958133 0.0896887195151 0.0157918532319 0.0223343216489 0.074909374389 0.0412631517088 0.100814511784 0.0127668696036 0.0821835709728 0.0710232341624 0.0966263935411 0.041869904431 0.0526223855812 0.0333834954725 0.0542066577302 0.0247561039421
Doc #66: 0.0837777080476 0.0280973753932 0.027869930886 0.0895215682203 0.0882655999558 0.0237508689839 0.0623353082514 0.00948066405073 0.0422555688059 0.0864680831322 0.0367559100735 0.0263903127625 0.0466259510016 0.0838850408713 0.0366351264352 0.0304380942817 0.0904224797477 0.0678503942835 0.016895435928 0.0222785788881
Doc #67: 0.0288203291879 0.0526204329687 0.0706396917992 0.0254012306903 0.0854351156624 0.041378637676 0.0222487863775 0.104598937542 0.0335812230943 0.0243513672005 0.0455758836926 0.0945892936993 0.0282203811589 0.02281969701 0.0539108106338 0.0108724742153 0.0853409397758 0.0636421483455 0.0739030577025 0.0320495615671
Doc #68: 0.064634865106 0.0272850246507 0.0184341115517 0.0576914094992 0.0756107564633 0.0810179944456 0.0482187162631 0.0621417351046 0.0682706343675 0.00461070872318 0.0369866239583 0.0583372919595 0.0157497841055 0.0512410887193 0.0689360867492 0.0566620920565 0.0402947421193 0.0568425833583 0.0756100431554 0.0314237076437
Doc #69: 0.0794396159322 0.0664914135391 0.0792657650678 0.0888498683703 0.0548468119244 0.00687378504455 0.0160560904413 0.0255525080196 0.0778942518174 0.0614739982486 0.0696692839828 0.0365143412631 0.0174039608115 0.0191360624954 0.0241211668199 0.0731097052014 0.0234558247165 0.0612269621168 0.0515478371771 0.0670707470102
Doc #71: 0.0473941579478 0.0667331098583 0.0559470482725 0.00818499361561 0.094001705103 0.0484221283098 0.0654650885335 0.0389662081002 0.00102195605403 0.0048001319906 0.0833602626182 0.0941217903301 0.00201164876375 0.0453504796815 0.0527199828286 0.0238745276704 0.106146225602 0.0116861086995 0.0611636203058 0.088628825715
Doc #72: 0.0113288993644 0.0509912238985 0.0341985043387 0.0973706176709 0.115610444972 0.0548128193151 0.00363023667153 0.0822202128837 0.02168866033 0.0436847228116 0.094597489712 0.0234698103609 0.0843410964165 0.0253957888755 0.0186814243213 0.000491313660434 0.0777089001129 0.0336750549977 0.0964346795192 0.0296680997666
Doc #73: 0.112635236969 0.0383060618022 0.00596046809972 0.067650966537 0.0310817380988 0.0396268747012 0.0027458841444 0.0343603640886 0.085930416619 0.0435237323776 0.0883247290004 0.0204664217748 0.0591189439988 0.0556228943625 0.0897392223462 0.0700964109029 0.00834695899275 0.0431199462976 0.0689481250772 0.0343946038096
Doc #74: 0.0159614215723 0.0289534009772 0.0537140941835 0.0534393409604 0.051962951031 0.0509839355837 0.0328875731858 0.02774031003 0.0170695304167 0.0395908254944 0.0465843922502 0.0948869221902 0.0558830707948 0.0692949257341 0.0710644890062 0.0288322487543 0.0548850990374 0.0219468009049 0.0945654262857 0.0897532416073
Doc #75: 0.00395853767242 0.0776421132701 0.00235105620198 0.0718681728527 0.0799739991677 0.0604029375819 0.0177147421886 0.139957804406 0.081410667237 0.0503824533104 0.0578835322015 0.0303757532003 0.014013700053 0.0142979078405 0.156044384209 0.00588661552334 0.0029962133003 0.103433991751 0.0139803096994 0.015425108333
Doc #76: 0.00328521053046 0.0239538397654 0.0780956574337 0.0386145820529 0.0425876204103 0.0531060438835 0.0689623881264 0.0291330212218 0.113482109266 0.0720230912192 0.0117005602258 0.0208443931433 0.00305696289284 0.049850411222 0.0975695999319 0.0821369410317 0.0586948040735 0.0143964870206 0.0887378572176 0.0497684193308
Doc #77: 0.0792309607793 0.0778794396136 0.0473744780421 0.0206727234879 0.0605113418888 0.00736439927969 0.0208809771015 0.0688817932478 0.0161345304838 0.021483003517 0.017211262216 0.102741568177 0.0836530428271 0.0445239687635 0.0531892120616 0.0616024600235 0.072080802991 0.0644158738992 0.0495718436171 0.0305963179823
Doc #78: 0.0353663424428 0.0192634956342 0.100144727518 0.0471164738599 0.00435878397915 0.0501301223671 0.0826124321417 0.0217636243263 0.0179878667194 0.0976164482436 0.0496774926009 0.0699069416222 0.0227157428159 0.0546912758233 0.00552026663006 0.0861499739413 0.0142944951231 0.09876302742 0.116593090168 0.00532737662254
Doc #79: 0.0280708501207 0.0988715842363 0.0378376046924 0.0457095562169 0.0174777271656 0.0689995311511 0.0272894065924 0.0180331695721 0.0668079650933 0.0623823608806 0.0069847929252 0.108106710838 0.0371790156174 0.0628509894552 0.0887078663699 0.0218673135707 0.049008600319 0.0574813980133 0.0833733749397 0.0129601822302
Doc #80: 0.02365445771 0.0369061005126 0.0772623894607 0.0230147051833 0.0697742804809 0.0684759616477 0.0258944200175 0.0722402807048 0.0698905208295 0.0667150713819 0.0686575542592 0.0198872019951 0.0251340274738 0.0263234073714 0.0669818792775 0.105278210935 0.0504601170082 0.0194416101202 0.0518748442914 0.0321329593394
Doc #81: 0.085166368618 0.137523425799 0.0265350156491 0.00540902623006 0.0311778566086 0.0393938199329 0.025934569027 0.0453655323039 0.0760194268074 0.00538710050732 0.0552949914028 0.026250359922 0.0742437813042 0.000647599401739 0.102482496722 0.000107533388305 0.102058871362 0.0774911122245 0.0219792572901 0.0615318554994
Doc #82: 0.0246584983529 0.0708615884742 0.0683890235725 0.01914123204 0.0319583176469 0.0455079717111 0.00808703654003 0.0820226474721 0.0933724309413 0.0633083833966 0.0810288782989 0.0225578290676 0.00734323199026 0.0836344838335 0.0729832344082 0.0121326075329 0.0493855082161 0.0787964197929 0.0787771639854 0.00605351272658
Doc #83: 0.0652636160697 0.0703044425181 0.0870508815046 0.070335946671 0.0313102404277 0.0176843444499 0.0742021354066 0.0227550176161 0.0814962209216 0.0442191500549 0.0713395744314 0.011285609169 0.013113396392 0.0243616275394 0.00401790404153 0.0542925619989 0.034172209466 0.0491346092003 0.0529584893716 0.120702022749
Doc #84: 0.0117294148607 0.0790981299101 0.0224740174272 0.0623686275428 0.0600072815587 0.0589835453852 0.055973380847 0.100640114009 0.0462507081318 0.0943730221546 0.00474708450131 0.0164337895735 0.0218683186779 0.0473274552976 0.0435439665086 0.0311616444969 0.0717717136421 0.0484017196895 0.00408173552636 0.118764330259
Doc #85: 0.0606955502962 0.118612081395 0.0180746163242 0.0198440888348 0.086840771977 0.0664683211761 0.0303385857043 0.0355411115389 0.0182561481606 0.025762699708 0.0564365361457 0.0332595923467 0.090640414494 0.0245133063321 0.0498638926293 0.0177971600045 0.0544172550118 0.0789220400585 0.0339594925541 0.0797563353075
Doc #86: 0.0871359432987 0.0202771322134 0.0335912337443 0.00549332875479 0.0868716948494 0.063709773525 0.0472411739516 0.114043954085 0.0215914228135 0.0710578119204 0.0602290500577 0.0280318398233 0.0240337960393 0.0523860192985 0.0477792655263 0.0231090174762 0.0514270619242 0.0638264446946 0.0833180900409 0.0148459459632
Doc #87: 0.0742414318065 0.0935354127265 0.0487359207808 0.0439734969352 0.0718034691769 0.0146586263222 0.0592555102893 0.0346600053853 0.0104911820115 0.0861664269043 0.0291607851772 0.0963551361167 0.103012963799 0.0548569846201 0.00100232267724 0.0175381869212 0.0643151852206 0.0158233841938 0.0554688766433 0.024944692292
Doc #88: 0.0321909051433 0.0208707322653 0.0852355370321 0.104129121488 0.0190382144829 0.0191473285586 0.0853387749436 0.0687300759144 0.0824274924951 0.035153805853 0.036652755623 0.0651185127297 0.0600968699119 0.0422286519101 0.0612617607687 0.016261324605 0.0693789912029 0.0448312564546 0.00279906085487 0.0491088277626
Doc #89: 0.0347138324432 0.0463821013193 0.0971662784058 0.13217014795 0.00548841099948 0.0594909783049 0.0588982950698 0.00377557884539 0.0736252122995 0.0672269621309 0.0381071201979 0.0574603099157 0.0426460384865 0.0853200513355 0.0189643560608 0.0847163479579 0.0159474013668 0.0215743591939 0.0491612754336 0.00716494228332
Doc #90: 0.120379794124 0.0581533380811 0.00044742410353 0.0572701807876 0.0882065465927 0.0136270465655 0.0169743110533 0.0392383305792 0.0844759223128 0.0177275702196 0.0160301379401 0.00662356208006 0.125002476674 0.0202733458408 0.082085725724 0.0282824883395 0.0510212896675 0.103904973116 0.0678926778129 0.002382858386
Doc #91: 0.0470717246931 0.0619633896041 0.0819428293943 0.0042431897756 0.0378273617498 0.0141168203015 0.0801621165928 0.0619143933056 0.0365405157481 0.0471614222109 0.0490425447582 0.039719316451 0.0430649582331 0.0529264312973 0.0633162141085 0.0870267629982 0.0387317673846 0.109023597224 0.0292932463668 0.0149113978028
Doc #92: 0.0489309637844 0.0259535324882 0.0699161185616 0.0404418273693 0.0656791044927 0.0061361041067 0.0735073962904 0.0481770838138 0.0808699738089 0.0544434902576 0.0821116983301 0.0335654565554 0.0676339233164 0.0265606299294 0.0398649787158 0.00544970302355 0.0447613260284 0.0715254074124 0.0262407002627 0.0882305814524
Doc #93: 0.0952532250123 0.0553958166618 0.0621009015282 0.0256914620507 0.0685853409751 0.0816547283384 0.0298095026042 0.0331407714741 0.0499134476802 0.0593417760869 0.063410635188 0.0036439790431 0.0232067600508 0.0635616808195 0.047767374456 0.084245770089 0.0134679841741 0.0539189910915 0.0477072638183 0.038182588858
Doc #94: 0.0167639683291 0.0148261614011 0.0242592624574 0.042742495649 0.0552949986827 0.0223183520827 0.0567485267968 0.0375004663669 0.0616360518818 0.0951717758637 0.0598830936006 0.0568680989039 0.0636552187684 0.00177738125134 0.048260205193 0.0796438494528 0.0743228753149 0.091033858296 0.0145426716854 0.0827506880227
Doc #95: 0.0207416361956 0.101237063677 0.0733839239805 0.0122699508004 0.0167441634297 0.0651910159613 0.0639361139988 0.015648938825 0.0975383423687 0.0964066597555 0.0122709217745 0.0319164710576 0.0844835538424 0.00823540996356 0.0612795857054 0.0522065464956 0.000917199140096 0.0819771713346 0.0669480956434 0.0366672360499
Doc #96: 0.00863888073225 0.0337509684455 0.0656728983666 0.0971864622175 0.0083690177664 0.0705245678977 0.00496303049183 0.0587514437257 0.0832748259048 0.0614845033532 0.0238842543635 0.0701986400539 0.0177859953956 0.0228979914904 0.0637986628602 0.0872581302577 0.00776771410119 0.0549157181049 0.0655757195628 0.0933005749084
Doc #97: 0.0331458528657 0.00609934868772 0.0204305986147 0.0803124920888 0.0743831422625 0.0400474482143 0.0149985524152 0.0177937100986 0.102626819711 0.0362945642689 0.0268748064694 0.100393317551 0.0364837285701 0.0736238172009 0.0172680557825 0.0303720495924 0.123170806879 0.0618076182299 0.0265013128969 0.0773719576012
Doc #98: 0.0240808773176 0.0639471031812 0.00363508529314 0.0266329803635 0.0772286686373 0.0401636054386 0.0457616042966 0.0481671748539 0.0283401168749 0.0812855331264 0.0947088424132 0.00794676962129 0.0448669106943 0.0898636531198 0.00262328825337 0.0244477781737 0.111153911786 0.0859938269439 0.0641359726545 0.0350162969566
Doc #99: 0.0176872499943 0.0965970704511 0.0268111637794 0.0277929832302 0.0637103406976 0.0913209788252 0.0609605910845 0.0322657603177 0.00345110076215 0.0561607852207 0.0449939236396 0.0391351228317 0.00438750447598 0.0178894469757 0.0531241519139 0.0604806831766 0.0324458191293 0.0940715168078 0.0869849606208 0.0897288460656
Doc #100: 0.0405233273547 0.0873518893521 0.0199980508223 0.102098428509 0.0478193298927 0.0312798153007 0.0699574393175 0.0619017086191 0.027154416829 0.0209100354015 0.0273678996038 0.0753168867403 0.00318742975015 0.0757670430073 0.0762840459718 0.0853891962291 0.0231232098919 0.0573149367702 0.0303507274239 0.036904183213
Doc #101: 0.097384955228 0.0729779689258 0.0935322112534 0.0220034117966 0.0573060112583 0.0729912006241 0.0211377364067 0.0296657281134 0.0053153811845 0.081927147556 0.0660613891851 0.0335069480072 0.0960098131875 0.0492247537578 0.0659417195671 0.00682204657553 0.0294407043639 0.0686902871951 0.0167403696668 0.0133202161472
Doc #102: 0.054963897438 0.0458313812758 0.0880917028585 0.0732523658331 0.0045716319982 0.086207696975 0.0525482216886 0.0805195588082 0.0411031272169 0.0108063944638 0.0976291852422 0.00234127278388 0.033838434375 0.0917892206346 0.0583920281793 0.0216834873513 0.0852842262587 0.0138509958572 0.0326069248514 0.0246882459103
Doc #103: 0.0205092800818 5.37672650869e-05 0.087778563779 0.0483222505212 0.0312555388005 0.0502806511339 0.0738515066778 0.0511221056444 0.0679622923548 0.0196855974386 0.0686567024447 0.0167495257119 0.0522618601113 0.113396933085 0.100726963053 0.0919480198806 0.027357641046 0.00264220293558 0.0294986606836 0.0459399373506
Doc #104: 0.0992679672156 0.0842973208581 0.0612903809335 0.0407746252593 0.0686481001317 0.0725925890472 0.00710109960842 0.0487091311481 0.00699593410875 0.0139382462151 0.0730331874279 0.0460613100312 0.080556470158 0.000556688265549 0.0631819084581 0.0607428166545 0.0545045770173 0.0203012260443 0.0863629769718 0.0110834444454
Doc #105: 0.0773525358309 0.0522694410222 0.0983022285705 0.0161404633575 0.00870870952347 0.0421201798129 0.0352867347082 0.072213083571 0.0531848205659 0.0378667161883 0.0153089414453 0.0764148933491 0.0509960949125 0.0126681789181 0.0733813291534 0.0861280239756 0.0600884374874 0.0301070344013 0.0491112129738 0.0523509402325
Doc #106: 0.0667103180222 0.0422397276746 0.0181372202846 0.0256454907068 0.084321533728 0.00977403638141 0.033871417225 0.0902485051042 0.0522832814117 0.00434994457071 0.0782155037807 0.0281400503841 0.056075784539 0.0755910638762 0.047076627503 0.0392456806134 0.0658126943868 0.0588690281228 0.055107864081 0.0682842276039
Doc #107: 0.0742050193641 0.0674535949279 0.0174764095618 0.0609107873885 0.0492805277426 0.0675343992127 0.0250007247157 0.046214388306 0.0416462021967 0.0241111531753 0.0909777718217 0.00754843043396 0.017277641734 0.0143014034209 0.0484164690198 0.0773320715278 0.0984599502613 0.0363537723019 0.058151959349 0.0773473235379
Doc #108: 0.0534845457433 0.0668450244479 0.0709465649658 0.0559644117567 0.0626149227389 0.0744969782495 0.0329760356736 0.0958978796573 0.0117412148632 0.0433942229044 0.026620034342 0.0603530207687 0.0196259025325 0.00643556131925 0.0932771644659 0.0349966868804 0.0332179462832 0.0910011691997 0.0524099858887 0.013700727319
Doc #109: 0.0723399179682 0.0257769393103 0.0146006782872 0.0012895044025 0.0441100762056 0.067147393746 0.0760942890384 0.0689167333294 0.08114293216 0.0302485334868 0.0455790880708 0.0681409863165 0.0117622811205 0.0446727675854 0.0798493645335 0.000840067320301 0.0965812859954 0.0469793013815 0.0653722320998 0.0585556276419
Doc #110: 0.0678745631067 0.0155759993313 0.0495921920428 0.0517255917265 0.00336803240817 0.0697944578651 0.0088589866794 0.0636374119784 0.0801163974795 0.0164739430726 0.0639028181481 0.0442734618483 0.0940329013856 0.0614230021848 0.0658527844696 0.0142960152896 0.0523740576946 0.0587356159703 0.0828234764899 0.0352682908286
Doc #111: 0.0346378459226 0.0407593643402 0.0739167242685 0.0608722554455 0.0785377033355 0.0362809985226 0.0718499072726 0.0787516029396 0.0107909235957 0.0300963898782 0.0851725514662 0.0116969191124 0.0813718943013 0.0331319799596 0.0795850283502 0.0278258514301 0.0487706492711 0.0451043389975 0.0300950982561 0.0407519733344
Doc #112: 0.101485220725 0.00129419448963 0.0586937768499 0.0823503397682 0.0743085955 0.0526631629268 0.0922751244944 0.0125341531159 0.00580150895458 0.0422855795294 0.00867528488829 0.0940595604342 0.0310818648948 0.0442133171416 0.0290425268254 0.121112529958 0.0244739025943 0.0313046705943 0.0334601443985 0.0588845419176
Doc #113: 0.0912341069149 0.0660518055839 0.0620781319201 0.0403458358319 0.104575903496 0.0195277441362 0.00378554693457 0.0495854498317 0.0501316804425 0.0633060819707 0.107015064001 0.000176775427092 0.0613484399968 0.0427845815464 0.0267264375485 0.0779775344385 0.0529614017167 0.0299706975865 0.0297351370485 0.0206816436268
Doc #114: 0.0909384461714 0.0136202512865 0.0461896855883 0.0614300100377 0.0810081210071 0.0588404747361 0.0712645728652 0.104460822714 0.0465690691679 0.00875679458258 0.0307805973327 0.100560579667 0.0612045957412 0.0239812094972 0.097778121301 0.00421238919512 0.0290792646645 0.0369157909332 0.0241885964372 0.00822060707424
Doc #115: 0.0133586177336 0.0653044986696 0.00181944855978 0.0656138300331 0.0384437917841 0.041638746928 0.0511100058706 0.0524309280154 0.090260018017 0.0657785087176 0.00983937091411 0.0428168193492 0.0987824728846 0.00581369776286 0.0238038621795 0.0977827686195 0.0528622627274 0.0809048407858 0.0853996542581 0.0162358561901
Doc #116: 0.0787514981722 0.0432969906961 0.088037467049 0.0795535630399 0.0263363633698 0.0648174115446 0.00328852754978 0.012070101488 0.0310522395008 0.0660043166879 0.0688912189309 0.0329893049115 0.0368525884636 0.0435344912763 0.025345808122 0.0671795021006 0.0475467868989 0.0765516027747 0.070418774658 0.0374814427653
Doc #117: 0.0659274593743 0.0607237414904 0.0393354886393 0.0497140834692 0.0588957859359 0.0545406267419 0.0620629531589 0.0496085730245 0.0726593250492 0.0107181431459 0.0887012081308 0.0685015948697 0.0205739539561 0.0608932191824 0.0806697608383 0.0388038000852 0.00124337254578 0.0103684539219 0.0170333907776 0.0890250656627
Doc #118: 0.0417528799491 0.0151534347938 0.0743235870752 0.0647806964235 0.0107143296611 0.0381163196786 0.0624257385565 0.0674564063187 0.072393680742 0.0815237078801 0.0499448138459 0.018740980723 0.0124019189624 0.0627141367244 0.0710890351998 0.0542474389875 0.0494135651257 0.016676999319 0.0453988973079 0.0907314327259
Doc #119: 0.0702018406668 0.0237438490519 0.0143800578665 0.0910583566039 0.0666519137139 0.110098704746 0.013333058129 0.0343482079558 0.0528087562842 0.00493526262884 0.0731525374916 0.0604573721352 0.00933155871171 0.0923505212367 0.0702256236858 0.0759634356743 0.0167117532041 0.0489500642018 0.0636845466471 0.00761257936488
Doc #120: 0.0841837572198 0.0861499521213 0.0203297737062 0.0197581251295 0.0514843085924 0.116201223937 0.0475265117482 0.0592580893204 0.0569751409936 0.0976925451083 0.0307925379961 0.0343085809295 0.0267865945205 0.0435045339254 0.0525165155456 0.0705440241114 0.0179962077113 0.02582529503 0.016000605425 0.0421656769287
Doc #121: 0.0659169784343 0.084552444515 0.0464709634365 0.0741526596267 0.0416191347382 0.0140289373868 0.016080109911 0.0703513837146 0.0105658030768 0.0907687663922 0.00615527064246 0.0669442653915 0.0608204091422 0.0574371044263 0.0207517770202 0.00809358893568 0.106848841746 0.0227652606266 0.0803775168657 0.0552987839712
Doc #122: 0.070533791507 0.00516894780111 0.0602649337039 0.0613708404836 0.0364071537142 0.0827687672035 0.0490203665714 0.0637468913431 0.0614141644269 0.0346035365107 0.0882627611182 0.00251819454628 0.037781674315 0.0229615279056 0.0777483365493 0.092834753047 0.00154599654895 0.0388489904494 0.0574258984977 0.0547724737569
Doc #123: 0.107384856416 0.0266397632307 0.0347906860882 0.040773744063 0.0279922754849 0.00047437404781 0.0870553478918 0.112858096479 0.117623629828 0.0428433016348 0.0630123004189 0.00474027064139 0.059063061244 0.00706189811178 0.00113687871965 0.0447804050525 0.0674961974211 0.0423458132251 0.0647783656897 0.0471487343111
Doc #124: 0.0801983671511 0.0553698575439 0.0453427911482 0.0953378326317 0.0404818096851 0.0542663428242 0.0452443032264 0.0155969296766 0.00632387861807 0.0124842000146 0.0374549469821 0.0757905021667 0.0681364492252 0.0113912012041 0.0503179908809 0.0640967288146 0.0821929181576 0.0694639187127 0.048985908344 0.0415231229921
Doc #125: 0.0055870896078 0.0798752659399 0.0111905562988 0.0670502999776 0.0116002636369 0.0123688161478 0.0405758379075 0.0661259882438 0.0404002882452 0.0753133418393 0.0350124673557 0.0971656731223 0.0607757894748 0.0396181596925 0.094608600484 0.0908657972568 0.00854004096479 0.0815838818976 0.0769394356255 0.00480240628117
Doc #126: 0.0620420520991 0.0219389746203 0.049839306619 0.0633311819698 0.0352546622965 0.061788375803 0.0917033362619 0.122155430269 0.0254591056648 0.0250299826753 0.0644188238232 0.0293938348586 0.00734123421319 0.0249780049496 0.084317708951 0.0916143413152 0.0749487356128 0.03032124289 0.016907719866 0.0172159452417
Doc #127: 0.00377417540594 0.0116035755236 0.122031029872 0.0829984487628 0.0509342057388 0.0624191689024 0.0564476998117 0.00920964297603 0.193728637923 0.0183769245309 0.0650337351666 0.00459270094184 0.0103406695402 0.00473549795374 0.0254073218579 0.0239731527171 0.0232697877752 0.217584132216 0.000921441580129 0.0126180508039
Doc #128: 0.0877897307751 0.0194240642014 0.0110965965503 0.0834378673943 0.0365274691236 0.0785543451659 0.0263253455819 0.0676524969419 0.0504911577378 0.0746819817576 0.0717208443653 0.0613657218225 0.0217174943986 0.056911272256 0.0064750813195 0.0311425096463 0.0696322829065 0.0738992346535 0.0504226248221 0.0207318785798
Doc #129: 0.0804005601508 0.0393429832758 0.00783318133047 0.0100799084818 0.00531874795573 0.0762918322857 0.0770115216004 0.00221070551613 0.081528490946 0.108302638688 0.0276589834419 0.0371421466432 0.0350958643266 0.0372792151469 0.0895621220593 0.0637419814473 0.0636112849459 0.00962239771721 0.0913696615546 0.0565957724864
Doc #130: 0.0403535171346 0.0400000981291 0.0411970925737 0.0345408010221 0.032827124836 0.0647163494895 0.0636509224037 0.0649233458631 0.0698800382038 0.0317473881715 0.0177169606204 0.0607141912558 0.0719253339428 0.0611409638128 0.0558174210984 0.0392884346257 0.0763954167426 0.0611759408 0.0436298258541 0.0283588334202
Doc #131: 0.0601444375375 0.0738125182421 0.0847390250877 0.0328749157012 0.0284174659979 0.0812243639485 0.0797877179107 0.0324103928709 0.0660353106176 0.0616436443948 0.0654928071202 0.0406235855469 0.00727214530912 0.0734133600346 0.00642357615219 0.0132554413276 0.0767479065644 0.034015760717 0.0488055948042 0.0328600301148
Doc #132: 0.0854779771217 0.0119677498986 0.0837895681671 0.0784071648667 0.00762739144721 0.0100676766767 0.00634500135751 0.0421870649623 0.0581443261962 0.0905505998134 0.0679443095002 0.0633965095296 0.0988685436816 0.00576173513216 0.0668779835618 0.0205597976797 0.0270060402214 0.0563496500935 0.0539200650466 0.0647508450461
Doc #133: 0.0509405197322 0.0261959523503 0.142552495759 0.00507780936005 0.0853450804487 0.057634709409 0.0241492212906 0.0035383400021 0.011481564259 0.0946160542155 0.0316203837608 0.0471108909909 0.114583096566 0.0315521643282 0.0408307232992 0.0751821032893 0.0534381886689 0.0249746840009 0.0555048695892 0.0236711486796
Doc #134: 0.0281418132747 0.0788838913599 0.0100246808359 0.0242654992506 0.0283169095024 0.0765797036438 0.0611476278102 0.0983051262339 0.0530728807205 0.00435472563051 0.0552184636519 0.0364747902019 0.0833958897084 0.0314108998987 0.0867332563976 0.0492568147075 0.0433598322568 0.00405234624389 0.0892715328994 0.0577333157715
Doc #135: 0.0429285338334 0.0883519650261 0.0811788697494 0.068378720381 0.000947084727115 0.000265249375444 0.0781668916297 0.0741151272945 0.0931927850488 0.0487373488393 0.0722974741895 0.0416639710938 0.0338393045448 0.033786516675 0.00132445850221 0.0434904435668 0.0770399795233 0.0197287656033 0.000340643317678 0.100225867079
Doc #136: 0.0191227128308 0.0456624167462 0.0223296591522 0.0756625026801 0.026823898937 0.0702507856809 0.0831329255684 0.0318348672651 0.0752582432201 0.0684794932084 0.029147824866 0.00152962282237 0.0868096845587 0.0211412458023 0.0837156089588 0.037257711266 0.0404548393571 0.0771489276618 0.0428732729074 0.0613637565105
Doc #137: 0.0330893065396 0.0545103894018 0.0617322561125 0.0441084932716 0.0550429098246 0.0534661529335 0.00474851846019 0.0560898339755 0.070122520775 0.0191396083368 0.0763699982655 0.0569944384877 0.037137254269 0.0498164085532 0.0168277356354 0.0618503629275 0.0925694231573 0.0511539873856 0.0701268408912 0.0351035607966
Doc #138: 0.0555105356658 0.0687122530923 0.0706917838921 0.0419910356509 0.0513053870116 0.0500447097283 0.0189678224126 0.075047563982 0.0644831575794 0.0324034984725 0.0648504702202 0.0643907255541 0.0022469659759 0.0632058250905 0.0389066583823 0.0642152869453 0.0764494532568 0.00610485283341 0.0156624027289 0.074809611525
Doc #139: 0.00525645557911 0.033400207663 0.0362187747332 0.0942717831751 0.0933744869211 0.0264050727435 0.0785989524372 0.0485172166262 0.0594677128439 0.063318044177 0.0764271479964 0.0700957194244 0.00924342857905 0.0792790129234 0.0898672177228 0.000601002081077 0.0558417374606 0.0593105248236 0.0126110841181 0.00789441797124
Doc #140: 0.0953523787108 0.0203297423332 0.0999578973334 0.0783465557461 0.0669483570435 0.0182421868062 0.0134924275745 0.0605036274762 0.00709100746054 0.073923766339 0.0148135418162 0.0482105911302 0.0474042734865 0.0559775445031 0.0969869521164 0.0514260826257 0.026217994684 0.0416297965926 0.0331783952571 0.0499668809648
Doc #141: 0.0443209971859 0.0593406528362 0.0700629864972 0.0879694471385 0.0686362710918 0.0061938141867 0.0946701234521 0.071862671802 0.00149515487013 0.0197186842692 0.0669659792554 0.00471415987161 0.0739711886628 0.100018758887 0.0120189730454 0.0348021654245 0.0341736111348 0.0397077356409 0.0739659652074 0.0353906595401
Doc #142: 0.101656906358 0.00389578482531 0.0381842661417 0.0901100926606 0.0448025066998 0.0716155729124 0.0608703579117 0.0615212489181 0.0264447423102 0.00747459232901 0.0420649206457 0.0557904474724 0.016060166776 0.122251152504 0.0221512094311 0.0208946197451 0.0125170075324 0.0618062236534 0.0326047190798 0.107283462094
Doc #143: 0.0389983491405 0.0834520519392 0.0469967550451 0.0776088489116 0.00658472563265 0.00201340007722 0.0505722769561 0.0635433010806 0.0673162071542 0.0527685994134 0.0112756449133 0.0734206735515 0.0282935965883 0.0720840019667 0.0601595135113 0.0502814162291 0.00245696291722 0.0726344780691 0.0545398392951 0.0849993576076
Doc #144: 0.00583778704928 0.109056024876 0.087317384704 0.0470053347324 0.0214444929607 0.0794666887148 0.082425228799 0.135339087454 0.0209633181936 0.0475062505675 0.019190064084 0.00479763277603 0.0183458716584 0.100544639103 0.0650557064411 0.0478794793358 0.00270823768706 0.0297507305236 0.0495370513476 0.0258289889923
Doc #145: 0.0719262421913 0.0103353605607 0.0700388879813 0.023087558499 0.0193863163817 0.00199909070887 0.0579716232183 0.0669835628668 0.0374658958175 0.0658957110041 0.0455297005853 0.0884959819848 0.0449606241314 0.074154529554 0.00120806867218 0.102492278959 0.101723912071 0.00914638556386 0.0847510533554 0.0224472158935
Doc #146: 0.0213849968787 0.0488117280343 0.0868615241218 0.108763150728 0.0294357378645 0.0383418954023 0.0694218987964 0.0442656930389 0.0901537493925 0.0259718779052 0.0444661786593 0.000127715119872 0.0773136729673 0.0354274750317 0.0313839694304 0.0632750953168 0.0172306971607 0.063007171878 0.0804745049713 0.0238812673013
Doc #147: 0.0188407271059 0.0326238568284 0.0949752317349 0.0337461039179 0.00550237240947 0.0561241011671 0.0659238184551 0.0539693906842 0.0969478909879 0.068669215201 0.0145429365409 0.0614936359063 0.024751484067 0.0236478596346 0.0578987392563 0.0281237372194 0.0671634006988 0.0354870010231 0.0790891904728 0.0804793066889
Doc #148: 0.0279904945635 0.0337408651644 0.0383572895073 0.068539809515 0.0301083158603 0.0597203977362 0.00568588386992 0.00280622569743 0.00876147554967 0.0594604527528 0.0455105590392 0.0805822552128 0.107381093533 0.0979846348039 0.0531404018599 0.0829770869023 0.0275311430833 0.0346353920405 0.0540212640347 0.0810649592736
Doc #149: 0.0753576881941 0.0132608070899 0.025915582463 0.0957749729759 0.0536353785703 0.0345048058039 0.0828982198768 0.100440104836 0.0265259914962 0.0616094556933 0.00995323350161 0.0477165038734 0.0485861714849 0.044074659527 0.031042439004 0.110010683987 0.0465927061003 0.0322658128723 0.0453943697258 0.0144404129244
Doc #150: 0.0675682044827 0.0127012092652 0.0241065930701 0.000220340032207 0.0823353047291 0.0462976699131 0.0776699089478 0.0584951866503 0.0804948110853 0.0370279715894 0.0183148620956 0.0120629979868 0.0669737485835 0.0616425111014 0.0921359051128 0.0269760585675 0.0632707961822 0.0377749261912 0.0721397506637 0.0617912437501
Doc #151: 0.0545833395129 0.0665272569274 0.0291963432509 0.01231120977 0.0593585575735 0.028407509966 0.00788733653684 0.0420022170304 0.0971833362665 0.0972207224812 0.022271992863 0.102680753104 0.0807063025732 0.0518490663295 0.0648166173192 0.0337489630466 0.0729500126589 0.00578926312546 0.0307439827373 0.0397652169273
Doc #153: 0.0204831678825 0.0781955746118 0.0241330193505 0.00197629599801 0.0177064896564 0.0915624377977 0.067799011595 0.0123454142732 0.106710528544 0.0109086901654 0.00322524929598 0.0326586690049 0.0496161922707 0.0533702329861 0.101703702424 0.0536306678965 0.0818306416133 0.117646951893 0.0231932734966 0.051303789244
Doc #154: 0.121442639371 0.070004270842 0.0626061315016 0.0121897349849 0.0610407967967 0.0903890636869 0.018796824203 0.112228321965 0.0690531957337 0.0691237878198 0.0146619045737 0.0659228890534 0.0345729377387 0.0562025027016 0.0125990185475 0.00434927890299 0.0522880957291 0.01540013142 0.00512988103322 0.051998593395
Doc #155: 0.0434079672461 0.034846694213 0.0992638312627 0.0986779765565 0.0125444433665 0.0230561609406 0.0776836868821 0.0168061454499 0.0179308940235 0.0215375282199 0.0628278824708 0.0573156695644 0.0710649150641 0.056058212136 0.109963348162 0.0731994040295 0.0609575518743 0.00517474545039 0.00866234556708 0.049020597521
Doc #156: 0.0483882793951 0.0371836773834 0.0209158548401 0.11502029536 0.0205922555167 0.0534687749686 0.046860013625 0.0745562926004 0.0433086460966 0.105027292855 0.0264450795679 0.0120612789545 0.0128591303821 0.0907399090089 0.103428318099 0.0384191703001 0.0805985003927 0.0203177425633 0.00767238664049 0.04213710145
Doc #157: 0.0816549708017 0.0124892597802 0.0945539471257 0.0488306104877 0.0458623896713 0.0413268445609 0.0859857087147 0.0696169978505 0.0485875758178 0.0261546300617 0.0889666044277 0.0277890261414 0.0710838531129 0.0263417622106 0.0231419635675 0.0420425491216 0.0149312869843 0.103145777422 0.0196198839173 0.027874358222
Doc #158: 0.0415480795681 0.0106692879735 0.0809231926754 0.0889437830595 0.0711665200264 0.142783040607 0.0660634249479 0.0143781547942 0.0235603073502 0.0214233713777 0.01315876161 0.0324268091005 0.0166772735573 0.0321048371551 0.0213296998112 0.0759340774163 0.125110887281 0.0815528501554 0.0144179003228 0.0258277412113
Doc #159: 0.0775356411195 0.0636003951764 0.0179241749008 0.0314340934218 0.063888479187 0.0272818841762 0.0775501568393 0.102073678979 0.0410820172101 0.0631299351442 0.0230840696159 0.0633586414876 0.0571955258423 0.035825274967 0.0613556497064 0.0449156263592 0.0418027015218 0.033290424879 0.0112094768753 0.0624621525912
Doc #160: 0.0748915387568 0.0320557198295 0.0506073473118 0.0202437349072 0.027356150106 0.0597768785401 0.0775500720513 0.0998738816183 0.0813439347549 0.0786547514114 0.0571337832903 0.0272896944787 0.00111540972094 0.0698870806551 0.0271459824573 0.0320652733301 0.0283950034608 0.0991900105944 0.0481701672973 0.00725358542779
Doc #161: 0.0627206637908 0.0622043309041 0.0624099230733 0.0369181007981 0.0099673275863 0.094494892652 0.076329567346 0.0443579136711 0.09602735487 0.0271640443163 0.0855245898736 0.0037920229909 0.0689888692704 0.0969627595349 0.028889550296 0.00181791744166 0.0365531342784 0.0516079781357 0.0495835696558 0.00368548951464
Doc #162: 0.0776404082625 0.0309757527791 0.0176640981851 0.0489369203719 0.00814715898616 0.0215134373442 0.088873325391 0.0844785320216 0.0320383457182 0.0647715909369 0.103301687431 0.0944073559407 0.133081991085 0.0649395485784 0.00303459110381 0.0025599076261 0.00482625955363 0.0311590645578 0.0839890899816 0.00366093414587
Doc #163: 0.00205694812057 0.0860841682584 0.0550467172774 0.0446887541889 0.0104527167559 0.0653700638073 0.0568242306478 0.015341663562 0.0525991421964 0.0207965770603 0.0393574451537 0.0723125596841 0.0902115611144 0.0639039422648 0.0526342897558 0.0759946818575 0.0201498446899 0.0713047322212 0.0264457734838 0.0784241878998
Doc #164: 0.032285161425 0.00695974336649 0.0581144947986 0.0207582213745 0.0546684270236 0.0625343479943 0.0830878897753 0.0376210029843 0.0752512436747 0.0564245641283 0.0585947402073 0.0447474680982 0.0610821433949 0.0628652376563 0.0633568238048 0.0395946706283 0.0252497910698 0.0341620307381 0.0790664862932 0.043575511564
Doc #165: 0.114042906367 0.0283985033153 0.0100830262593 0.103045483111 0.0301472904689 0.0409047919974 0.0105258959556 0.112074192343 0.00134490168171 0.0038830380375 0.123368519751 0.00678129356099 0.156938395991 0.0569600969219 0.0132642734949 0.0876042294844 0.0201725198386 0.047962648268 0.00330278060942 0.029195212544
Doc #166: 0.072043257811 0.0669600362991 0.0348014558837 0.0782738529328 0.00696822302656 0.045331975416 0.0853591617519 0.00623147716447 0.0392468699083 0.000222349279617 0.0403569104469 0.0799668122175 0.104657050576 0.0127324432404 0.0270005772565 0.076391187834 0.0723784956435 0.0140603394488 0.0850563674622 0.0519611564011
Doc #167: 0.104900726966 0.00261050822877 0.0580887803063 0.0274126561294 0.0562582287156 0.0498203768686 0.0757197348815 0.0349365753702 0.051709709454 0.0863477651541 0.00582176189857 0.0035087931007 0.0486295164033 0.0298160843893 0.116851226104 0.0184505245706 0.0702738896754 0.00921908953516 0.0732498760815 0.0763741761678
Doc #168: 0.0869770150221 0.116709602819 0.00764496482784 0.0172806271162 0.0991408873852 0.0125771048007 0.0749461797832 0.0738849813969 0.0750763382529 0.0651467788649 0.0141845850966 0.0447352503025 0.0108719474339 0.0391163167002 0.0360057047458 0.033587799533 0.0368723040364 0.0586408590569 0.0619901618037 0.0346105910223
Doc #169: 0.0744058845204 0.0620148615916 0.0957205464274 0.0177259249902 0.0406255226878 0.0437525744074 0.0110612504126 0.0320865906077 0.0136804246007 0.031143700018 0.0412293050158 0.02306233443 0.0386330366867 0.0965928388216 0.0916195195317 0.0313765933642 0.0933706071803 0.0528681036675 0.0953152113423 0.0137151696961
Doc #170: 0.0238800855361 0.0997680624769 0.0426859160211 0.0514768252572 0.0539813029705 0.0769430440484 0.00864581003717 0.0735403181101 0.0506487849187 0.0862193253838 0.0440884113101 0.021285183074 0.0537788413019 0.00682704394452 0.0945638566918 0.00781470045383 0.0615560982335 0.00129861243845 0.0845411844899 0.056456593302
Doc #171: 0.0598890369787 0.0782925053547 0.00456368273744 0.0812664592869 0.0708784927696 0.0181109050973 0.00557014936168 0.0534700154851 0.0244344069815 0.00309798108622 0.0841769767094 0.00616773994046 0.104792392941 0.0473264053359 0.0906849258396 0.00568178289385 0.00519130204112 0.0562205285622 0.109969261093 0.090215049505
Doc #172: 0.0436496567874 0.0100607341264 0.000883711406106 0.0898464664036 0.0362718104538 0.0720921467868 0.0946816596528 0.0525933884247 0.0706589482797 0.0712498864206 0.0508506139241 0.0415481860506 0.0472417713427 0.0269423971559 0.0316261791947 0.0484658541718 0.0826233506472 0.0280340410378 0.0205773954715 0.0801018022618
Doc #173: 0.0894127852409 0.00661983128708 0.0568425580028 0.0113721521297 0.00973294353175 0.0666974332911 0.0468080272731 0.0648865043358 0.0778036557043 0.0862493954566 0.0535291091089 0.0432602900416 0.00095932291629 0.0927437623852 0.0751477430904 0.036646824946 0.0165155801497 0.00239302372824 0.0663129826445 0.096066074736
Doc #174: 0.0422121540403 0.00298384326601 0.056802919058 0.0817115592333 0.0667044612659 0.0282100731141 0.0476770909372 0.0567060653665 0.0925518484235 0.0205125682484 0.0574425405355 0.0910111588914 0.0216951836684 0.021042808646 0.00988702626837 0.0519182617378 0.0846443919145 0.016841356274 0.0700602457725 0.0793844433383
Doc #175: 0.0378758419278 0.00401349117469 0.0450272046793 0.0778199863068 0.108352060804 0.10949625033 0.0149536898706 0.0291707591316 0.0381036399789 0.00643487464378 0.0799252559932 0.027115756536 0.0462620182369 0.0134430313396 0.105240158455 0.0661994509897 0.059426484939 0.0472587655142 0.00366504305523 0.0802162360946
Doc #176: 0.00848671317483 0.0523691227519 0.11244735383 0.0152382702831 0.0605978577674 0.0398480302194 0.0520331981208 0.0113240831222 0.0906382681757 0.0383334763422 0.0122735832104 0.0110598887437 0.0557749882531 0.0834790229981 0.0415961068871 0.043774558768 0.0937340156243 0.03104559606 0.0590941156972 0.0868517499705
Doc #177: 0.0223607820734 0.0549950272826 0.0888191938369 0.0879387595467 0.0686012114665 0.0221823342453 0.0132753468738 0.0864012559764 0.0381871846412 0.0149822923471 0.0861588348819 0.0700042512395 0.0230720589081 0.0739253247945 0.0940927214042 0.0876277392806 0.0015256785125 0.0250512093244 0.0356362545731 0.00516253879131
Doc #178: 0.0321511549031 0.0564519882227 0.0628866160175 0.0495148770604 0.0974245169476 0.0302362322524 0.069931618659 0.0197157431049 0.0806928561791 0.0460766235662 0.0547541384931 0.00623416610124 0.042119861531 0.0404310998156 0.0789455520987 0.0787380002405 0.0165299747884 0.0385302360451 0.024018023734 0.0746167202395
Doc #179: 0.0580624383966 0.0302711084525 0.047929792808 0.0338506310046 0.104427865893 0.0633062126406 0.0777096410093 0.0136533287901 0.0527091545289 0.0473070005121 0.0581857246315 0.123799329337 0.0166005415498 0.00586437701492 0.0143339640282 0.0561762675183 0.0543178209523 0.0409484585562 0.0140823222874 0.0864640200883
Doc #180: 0.0885781686524 0.0776403338705 0.0804808203552 0.039491618546 0.0517318418298 0.00776345939622 0.0277812631428 0.0531492256594 0.0742110360953 0.0334970317059 0.0943982072076 0.0383565293144 0.0431072626153 0.000735318517922 0.0821968990499 0.0252859205879 0.0258563216004 0.0417615356239 0.0435159775829 0.0704612286464
Doc #181: 0.0212122624751 0.0694861003531 0.0719810783257 0.0188947651371 0.0567108767875 0.0401909980334 0.0721260000782 0.0337498342492 0.077119638115 0.0454876877333 0.0154269001069 0.0297251208674 0.0517846544855 0.0720934368262 0.0366009175511 0.0731644387727 0.0716994108568 0.0653546573797 0.0295004763021 0.047690745564
Doc #182: 0.014488011895 0.000837174670569 0.0930821437497 0.0431650252951 0.0774931831241 0.0606868343114 0.011023221972 0.0188593987871 0.0939322603697 0.0173997387064 0.0149043019992 0.0817876724806 0.0764253259207 0.0621307318796 0.0283995804726 0.0741793728221 0.0425339285356 0.0336574922721 0.116526718673 0.0384878820632
Doc #183: 0.0458351167663 0.0608633281699 0.0366314420671 0.0202910077903 0.0324629159817 0.025339371184 0.046858267538 0.0227367271645 0.0893186567864 0.0205515690565 0.101801959194 0.0295561569119 0.0680715175946 0.0847868506331 0.0666788342637 0.0485564375386 0.0697250838948 0.048540276896 0.0207415939756 0.0606528865926
Doc #184: 0.00214473558318 0.0277725987297 0.056455850809 0.0657783332439 0.0968783232875 0.072048502329 0.0094368105657 0.0494429890951 0.0989746107287 0.030017473164 0.0677157128965 0.0159631603133 0.0394695497737 0.0673047050857 0.0845842886042 0.0576589183551 0.000774149659363 0.00584932843523 0.0574586008765 0.0942713584646
Doc #185: 0.0553160836687 0.0220696805238 0.0427896703414 0.0514937593723 0.0437738463878 0.0527991765357 0.0345392476037 0.0624145967235 0.058401050398 0.0363665023257 0.064919869554 0.0678448056622 0.0364238675735 0.0892186793903 0.0410063572406 0.000162288531241 0.0522486784636 0.0874466678156 0.0892660647952 0.0114991070932
Doc #186: 0.0569149516249 0.0485114325044 0.037938576264 0.0726508651201 0.00752098537699 0.0415390298634 0.0295436228702 0.0850963138163 0.00112883854483 0.092210030194 0.00447662951197 0.0725819600566 0.0453564994503 0.072783414779 0.0271798397181 0.03906581184 0.0747714701558 0.0773735486071 0.0368043653875 0.0765518143145
Doc #187: 0.022311351517 0.0280733567631 0.0804838340902 0.0670759809296 0.0436937884616 0.0605266391157 0.0486647028885 0.0390625964495 0.0408985625403 0.0791061310757 0.0327703858335 0.0543115562009 0.0102198888637 0.0514342963313 0.074074488591 0.0986247349687 0.0388937415739 0.0110627738665 0.10556017106 0.0131510188797
Doc #188: 0.101231451708 0.0202111505093 0.0102470237774 0.0596467466902 0.0508105648066 0.0530703699712 0.0327652593787 0.0941744136516 0.0151136944808 0.0483393257676 0.0119682130251 0.0465337830898 0.0332505965259 0.0832204194097 0.0170691039032 0.101155201974 0.0485306295702 0.0203717587783 0.122572335905 0.0297179570773
Doc #189: 0.0396074393535 0.0796474165874 0.035033907089 0.0101970766321 0.081563019778 0.119304327687 0.0252330952294 0.118221682572 0.0763607994391 0.00478318140619 0.054791904317 0.026646923904 0.0262551496901 0.0932327172358 0.0115643869688 0.0058357638168 0.0399874157631 0.00100804456381 0.0699183062635 0.0808074417037
Doc #190: 0.106198448451 0.0572872464662 0.0178383405705 0.0259258901783 0.0083359184494 0.068387618335 0.094770259331 0.105082086613 0.0397962322455 0.0599806627133 0.075465960407 0.0213566646439 0.0183840298131 0.0813385889387 0.0224885114199 0.0343987122645 0.0718096051591 0.0394061977861 0.0277025071863 0.0240465190283
Doc #191: 0.11148294858 0.0526304707283 0.0535406089505 0.0356602600886 0.131820268653 0.041742060682 0.0307073658704 0.00306575100373 0.0156827101578 0.0402195303974 0.0451992108453 0.0810304234016 0.0531370487124 0.00766392888226 0.0226613752263 0.100909519359 0.0244827636394 0.024506789825 0.0242513541243 0.0996056108734
Doc #192: 0.0150488960977 0.0477577182705 0.0387494527745 0.0973475073373 0.0284844520281 0.109183992227 0.00149910724179 0.0310871411934 0.0229123403109 0.000522352030954 0.044501176577 0.0862816877873 0.00359277895383 0.102599082859 0.0307725459314 0.0635396949922 0.0462363417597 0.0433517439558 0.104981407389 0.0815505802819
Doc #193: 0.061385857981 0.101685699214 0.0342438172436 0.00841813914153 0.0344128449287 0.00469674390696 0.122628243117 0.0278507530077 0.0037289502439 0.0961513700027 0.0172844386318 0.119586762826 0.0217628644741 0.0363022199299 0.0251375929593 0.0618578326987 0.0881060706255 0.0353021322218 0.0801000271522 0.0193576396936
Doc #194: 0.0726315262733 0.0204067148329 0.0200629047828 0.0561396423543 0.0812499162605 0.0836785400657 0.0709316008205 0.00681537330865 0.0863355320126 0.0266059140389 0.0355113907883 0.0720289266079 0.0513878534943 0.0181274922225 0.0606145243519 0.0992824453826 0.050197334121 0.0576204902266 0.0284022550916 0.00196962296316
Doc #195: 0.0164538915741 0.00885028473894 0.0488064988928 0.0486295561199 0.0853214635133 0.0573294014641 0.0568028564441 0.134013989247 0.0490983233091 0.0190414954924 0.0275639203565 0.0890069790984 0.103222901092 0.0148021208785 0.0966960331711 0.0653896701312 0.00814128915401 0.0165318163914 0.0329877776232 0.0213097313084
Doc #196: 0.076825237691 0.053265383348 0.0336594623101 0.049309993144 0.0357126272403 0.089903636326 0.0354549043406 0.0275064944498 0.018381671828 0.0399472009675 0.014525580433 0.00937693390074 0.0886670474876 0.0698956301216 0.0858822788247 0.0243027372394 0.0800489280608 0.0694506091409 0.0240570281357 0.0738266150101
Doc #197: 0.0234385374196 0.0241185086324 0.00906749430441 0.0851319690123 0.000791947816132 0.0627209575447 0.0508084676949 0.0674294412583 0.0791770813878 0.0410845167977 0.0952676505401 0.0711783402693 0.00151625205503 0.0237980919536 0.0323602229952 0.100760508248 0.0404837883261 0.0645307962683 0.0292940036889 0.0970414237867
Doc #198: 0.082927076474 0.0554168752075 0.0136339604761 0.0368942622207 0.0151848871931 0.0814942274847 0.0502158516405 0.0544747504988 0.0150215387029 0.0430598177889 0.0701917338641 0.080539729357 0.0806715045985 0.0506647774684 0.0442775250341 0.053768521391 0.0693853676543 0.0167911811542 0.0189598629946 0.0664265487968
Doc #199: 0.0525073347157 0.0574859010105 0.0838999313418 0.050929497373 0.098765764796 0.0511740509815 0.131082380204 0.00371225051032 0.0383681934666 0.0705162780237 0.0446415059034 0.0293250342513 0.00205602836866 0.0340193644396 0.0044064937517 0.00689201659281 0.103378811354 0.0971333460384 0.00175591058575 0.0379499062917
Doc #200: 0.0976443220939 0.0841180709537 0.0369704341597 0.081272014311 0.00217780536235 0.00254894393578 0.0125834782296 0.0355413422425 0.0518633392318 0.0286867466606 0.0157298084311 0.0163911817091 0.0639699130179 0.115672823542 0.0321722035379 0.048775534365 0.0871698033335 0.0708860408745 0.0544689029386 0.0613572910699
Doc #201: 0.037662436361 0.0129938112988 0.0338019433555 0.0821636083932 0.0377486466347 0.103379077254 0.039470040043 0.0721724468623 0.0358436302805 0.0613803448651 0.0058988820164 0.0855540646331 0.0603138418306 0.0812999773308 0.029382605618 0.0242739089223 0.0446791235926 0.0417531841217 0.00289344538069 0.107334981206
Doc #202: 0.0361550838633 0.0176664956854 0.0149177152336 0.0221910247869 0.0159178856581 0.0347166809182 0.0315290534841 0.0803334893025 0.0435174863049 0.103837450593 0.0548346909098 0.0839816588816 0.0615131360751 0.0702522631604 0.0702880675509 0.0797850693584 0.0896279879877 0.0390993937599 0.0339345151032 0.0159008513834
Doc #203: 0.0603671109007 0.040913126603 0.0541916347564 0.0349151070641 0.0393918673126 0.0460904844731 0.0756507647392 0.0772757212552 0.0104247458999 0.0596652880058 0.0624977660701 0.0660780770747 0.0575173827964 0.00933756610102 0.0414036500464 0.0646892217366 0.0229673138388 0.0550564013112 0.0791868301703 0.0423799398447
Doc #204: 0.0788784206719 0.0699725317249 0.0481681042525 0.0386123240579 0.0217691079028 0.034801536625 0.0765185656674 0.0144606391305 0.0558087651042 0.08231803709 0.0389966803211 0.0868780287198 0.00236772196308 0.0533466834367 0.0275158790354 0.0773338128111 0.0679250321558 0.0167786813278 0.0253656139801 0.0821838340222
Doc #205: 0.0634362363281 0.0398193421748 0.0147047035943 0.0439486178402 0.00730329572393 0.0142399379143 0.0212024228496 0.0956138282334 0.0993161647312 0.0468718902484 0.106417239873 0.0720605169268 0.0653414063991 0.0844369508406 0.0814911881595 0.00250976859057 0.0152221671811 0.00644393196356 0.0875653670175 0.0320550234104
Doc #206: 0.0458990242888 0.0344588547412 0.0347692448876 0.0582625473776 0.0778962628037 0.0950473513317 0.0740809190426 0.00310085347866 0.00870560801423 0.0872469533415 0.0603872378964 0.0102894908917 0.023775663393 0.0617386379942 0.0808137874825 0.0278739775939 0.0159708811108 0.0824782341984 0.0330256388555 0.0841788312761
Doc #207: 0.103018421107 0.0537500804994 0.117974398839 0.0188842275443 0.0302075003871 0.00970728901934 0.0631294017864 0.0504803902927 0.0151840096884 0.0764517974587 0.0768215835506 0.0309706394579 0.0651198302216 0.00173279956645 0.047829649327 0.0599572368788 0.0637915472339 0.0564895745933 0.0305270523057 0.027972570243
Doc #208: 0.0411301196357 0.0451080319716 0.117243357186 0.0864808337345 0.0895137314241 0.0914824231123 0.0573278455193 0.0270747565355 0.0858232359711 0.0168964332187 0.087841708379 0.0067721952932 0.00399851170737 0.0162397301189 0.0511352482358 0.0534612403793 0.0395943335364 0.0119915928722 0.062680947387 0.00820372378246
Doc #209: 0.0256288156388 0.0631677835202 0.0617466926104 0.0298282248595 0.0666286215583 0.012895582494 0.0658011585441 0.0837762864564 0.0511313481906 0.0747579968344 0.0654484760643 0.0515777043511 0.0494577528275 0.0683635772233 0.0543758648475 0.0634498838696 0.0322052523185 0.0387205114017 0.0135917756674 0.0274466907224
Doc #210: 0.0750370032139 0.0948447812728 0.100593066817 0.0617844988519 0.0767916017161 0.0239855886874 0.00102987628455 0.0339899232859 0.0115538840291 0.0704079335917 0.0385370563286 0.0221224084785 0.0325580192228 0.0982744465683 0.0427419625682 0.0417302228301 0.0666294872329 0.0643059336268 0.0356550963598 0.00742720903347
Doc #211: 0.0482966195004 0.0265968941467 0.0865331671765 0.0648770822023 0.0172873353576 0.0563262685136 0.0655461528728 0.0957439313457 0.0847179282503 0.0132955522443 0.0477565888203 0.0654365358516 0.0134064464344 0.0708778369782 0.069876350759 0.0180746504694 0.000365380050716 0.00601184174052 0.0802156298811 0.0687578074047
Doc #212: 0.00471144767549 0.101806970729 0.0287251626262 0.00170584275446 0.0151912548458 0.0150706340547 0.00346164847738 0.0527206504428 0.0184339676662 0.0835109683035 0.0276549533053 0.0407513128488 0.0952421139208 0.0882885634208 0.0488512293472 0.0978822295235 0.0356693040937 0.0901075542398 0.0788469935639 0.0713671981603
Doc #213: 0.080574124094 0.0988723650532 0.00400794760592 0.0223462801059 0.0216643372451 0.0377564726258 0.0140162780771 0.00495329984546 0.0816797784936 0.0444604995921 0.0193220037906 0.0743085222665 0.0839205928712 0.0292865203066 0.0905379378395 0.0749857914773 0.0217689861875 0.0393429244728 0.0798109588241 0.0763843792257
Doc #214: 0.00868243499311 0.0629648645659 0.104564235127 0.0107710626205 0.0374993508954 0.0983521131242 0.0701202275035 0.0890345502419 0.0179294078599 0.0655792813885 0.0673477308945 0.0148382555623 0.0277879386948 0.0340911960994 0.0909328483338 0.0485177158198 0.0680501722129 0.0167817545266 0.0426628777234 0.0234919818125
Doc #215: 0.0488713577248 0.0425035491139 0.0338801993162 0.0617720460338 0.0897270759365 0.0426233790406 0.0474717001721 0.0302527549177 0.00643074948701 0.0627267996528 0.0697226575698 0.0106333541099 0.0283969556678 0.0649563086373 0.0312038295979 0.0446392442843 0.0749492874354 0.113296019485 0.0632308324453 0.0327118993715
Doc #216: 0.0149608741837 0.0190913704682 0.0773691504824 0.0400440958577 0.015400522229 0.0806896937145 0.0904773638006 0.0243976728464 0.0429808756686 0.0707741198058 0.098643724037 0.0319424254588 0.0344022212247 0.0184917428892 0.0546425480673 0.0741809607678 0.0581303029676 0.0484715458227 0.0282969277855 0.0766118619224
Doc #217: 0.052301453866 0.0069172141882 0.0715904176965 0.0848649639992 0.00836221271728 0.0254038135394 0.0633339153347 0.105123422172 0.0626849333531 0.0806071021947 0.0435312492035 0.00563354777879 0.04227246892 0.0267812255118 0.0932052987176 0.00949992316151 0.00198311131972 0.0809462113089 0.0482312676897 0.0867262473271
Doc #218: 0.0343769579315 0.0874657816356 0.00960377028789 0.100128315682 0.0640729560726 0.0827849311975 0.0928712681159 0.0564745284554 0.0596449560529 0.0590757566327 0.0107214487775 0.0424757175021 0.0274671696936 0.0265724229291 0.0641877907349 0.0695610856317 0.0151725009781 0.0559393120434 0.00229289228023 0.0391104373654
Doc #219: 0.050470672944 0.00598344624895 0.0671207764899 0.0134364992438 0.113837770947 0.0282137968405 0.0789059126274 0.116942098788 0.0339300906895 0.0747905894635 0.00152202124908 0.0196258844442 0.0349234987598 0.052181891015 0.0154708152888 0.0442443915102 0.0703309531785 0.0724689030966 0.0333457638048 0.0722542233706
Doc #220: 0.0757419657332 0.137818291162 0.000196430141511 0.0038920369957 0.0134832787922 0.0640359170604 0.0274437224853 0.1082439525 0.0992647826105 0.0168924876814 0.0560900892124 0.0777897180734 0.0948696452039 0.0470497680256 0.0424481293547 0.0517413651614 0.0327315152672 0.00466815027129 0.0230781751941 0.022520579074
Doc #221: 0.0426776787382 0.0528031285814 0.0900177123362 0.0477535239805 0.0889118684401 0.0470710383084 0.0464998922738 0.023789430524 0.0268335387369 0.0296616477244 0.0181974757678 0.00992742154523 0.000730085009358 0.0765257489475 0.0770585806079 0.02228063108 0.0544815228292 0.103942853848 0.0699946462426 0.0708415744787
Doc #222: 0.00934904171425 0.0232012687425 0.0681427354532 0.0842070538574 0.0744117050477 0.0538877761915 0.0748674560671 0.0545838431846 0.0206976715388 0.0518587882164 0.0680235738428 0.071829606222 0.0714668744777 0.0799774279452 0.0433425927194 0.00387716593482 0.0461290027699 0.0334081638803 0.0647301580239 0.00200809417055
Doc #223: 0.0440944379686 0.080591347914 0.0698174111612 0.0363231593268 0.0631098699666 0.0275954670433 0.0740755420275 0.0665688106448 0.0566432049067 0.0509723192627 0.0475556961007 0.0945145385168 0.00437350516752 0.0334892341626 0.0937836562176 0.0534230259896 0.0419538491742 0.0196947549897 0.0163628394679 0.0250573299913
Doc #224: 0.0185860844594 0.0643261447251 0.0421684514429 0.080638340789 0.0416985404929 0.00508956325539 0.0410390543511 0.0868307123921 0.0681362413577 0.0111203899381 0.0807879165743 0.0609233269477 0.0077027224948 0.0334761932279 0.069508852351 0.0835310599734 0.0363447375898 0.0424116290812 0.0530985855333 0.072581453023
Doc #225: 0.0676793581906 0.0258738088738 0.102186831103 0.0901467422483 0.0300590354158 0.0305720883657 0.0438624654086 0.0244222962513 0.0710787970521 0.0405593814005 0.0702033274306 0.0738427137885 0.0444886548383 0.0443898856356 0.0892892586178 0.0105411731682 0.0675213486148 0.033589892365 0.00846963086068 0.0312233103711
Doc #226: 0.0285983087181 0.0946533870445 0.0672274477807 0.0830857843227 0.0292016630381 0.0314293502077 0.0425741227687 0.0668327748702 0.00786899958791 0.0490500046894 0.0473891955045 0.0743787814977 0.0957937326005 0.0722629247731 0.0101041472641 0.0441475205097 0.0136448834747 0.0308560295514 0.0782125057555 0.032688436041
Doc #227: 0.0685460520961 0.112526841676 0.00226871499795 0.0377830854065 0.0328380781814 0.0952880459606 0.0394007174133 0.0136500031474 0.0630466866103 0.0271510159096 0.0513300258092 0.0818172882122 0.0173342596692 0.0102489795147 0.0705720212991 0.0661060452826 0.0127848069288 0.0769279378759 0.0444810910196 0.075898302989
Doc #228: 0.0638984836959 0.0677968930491 0.0860373244772 0.0657038622523 0.0509297911705 0.0578321755875 0.0983214551005 0.0470099401807 0.014920377146 0.067838157904 0.0201799877881 0.0460887281376 0.0467775973814 0.0597098407206 0.0719722570156 0.0136696255341 0.022430721229 0.0203540373643 0.0551237582798 0.0234049859858
Doc #229: 0.062069345192 0.0409066351969 0.0168036019852 0.0784110787371 0.0293104762041 0.0683447272122 0.0511632724631 0.0705938024956 0.0338038092195 0.090807143752 0.0453636330602 0.0510455883985 0.0447957647961 0.020150921587 0.0500320321904 0.0722104017221 0.0369696775774 0.0595773170155 0.0339769850593 0.0436637861358
Doc #230: 0.0604841170894 0.0229830565523 0.0637766772617 0.0577308862014 0.0861890202261 0.051125920381 0.0502296358178 0.0311940950132 0.0273085791902 0.00210630449485 0.00624805872612 0.0402231240743 0.101263934677 0.057880790278 0.065153705767 0.0480029461943 0.0593200588739 0.0303762628759 0.069904425355 0.0684984009504
Doc #231: 0.0788673997206 0.0726432747199 0.0491880043201 0.0509847423607 0.0276554840854 0.0353076961227 0.0386802532963 0.0271006893763 0.0326818740648 0.0618584310219 0.0171692589157 0.0680540284463 0.0828820648515 0.0517021426137 0.00948396018437 0.0885320711293 0.00304978946375 0.0193588775627 0.0865759269775 0.0982240307665
Doc #232: 0.0224297997034 0.0930713065272 0.0388467357433 0.0625311361194 0.04441584723 0.0285810138514 0.0467726495225 0.077569026854 0.0208458315355 0.00604247278381 0.049937998321 0.0942948037408 0.0638850401936 0.0782702112787 0.0899894162431 0.0955913435897 0.00551314276335 0.0422782557846 0.0365073389449 0.00262662926997
Doc #233: 0.0186720222161 0.0669100715363 0.0026212369982 0.0241882313433 0.0539717953126 0.115797674006 0.0938242402529 0.0609044302308 0.0806054760261 0.0409174269628 0.0606123216637 0.0434469908861 0.0598603806384 0.00943099187271 0.0402499183605 0.0397923345025 0.0178549528668 0.0342756653981 0.0983667453639 0.0376970935622
Doc #234: 0.0670504685786 0.0793086006204 0.0588175343345 0.0723485311639 0.0647966350992 0.00395792931589 0.0189865423861 0.0279969784177 0.0125482327643 0.0450410291536 0.0368071548868 0.0843316619542 0.00768072285013 0.0413864025104 0.0940159594402 0.0287322269055 0.0485881816111 0.00704229852019 0.0786918585488 0.121871050938
Doc #235: 0.0480409613901 0.0596065693607 0.0815125663718 0.0170616502841 0.0529267402758 0.0826739502541 0.0422716038248 0.0232551756441 0.0637812675089 0.0843539353137 0.0433898106122 0.052813093461 0.0373895159308 0.0248561678052 0.0132119202026 0.0872369008854 0.0549716482153 0.0424963910134 0.072809684877 0.0153404467689
Doc #236: 0.0644816132305 0.0737449349157 0.00667231383475 0.0870313425796 0.026484698972 0.0407546472963 0.0359872506471 0.0334774853416 0.101619500903 0.0804039164738 0.0586503968247 0.0972146778213 0.0558501667284 0.00397613494685 0.0296812539836 0.000213959255086 0.0700798488529 0.0229098143547 0.0121180032444 0.0986480397936
Doc #237: 0.0857276340759 0.0216267273589 0.0824931720984 0.0267617974635 0.0200615663738 0.0294520414993 0.0703116357854 0.0499226534135 0.0274582442618 0.0656747161729 0.0825807569631 0.0310931961653 0.0701961647109 0.00250336564561 0.0154306174979 0.0307711698785 0.0793326964715 0.0867821503479 0.0625088696622 0.0593108241538
Doc #238: 0.0296343001794 0.0530016464715 0.0432492985106 0.072619250995 0.0520212787288 0.0694065948083 0.0469718126991 0.0762188367246 0.0791847422133 0.0312446303978 0.0706978526463 0.0597733035931 0.0667410956226 0.0316150955312 0.00424520163805 0.0290509967228 0.0388865851492 0.0313794468531 0.0697779223803 0.0442801081349
Doc #239: 0.0456042751152 0.0381027261003 0.0582727602564 0.0760880967674 0.036152787863 0.0517398238916 0.0717222289394 0.0548840447625 0.007300856534 0.0596133665003 0.0096341560584 0.0274530939879 0.0245624822781 0.0292078674022 0.0590775629211 0.018970584523 0.146342154112 0.0999390652374 0.0122803703448 0.0730516964055
Doc #240: 0.0390419282971 0.0197056623959 0.0272077836549 0.073952561622 0.0190823208544 0.0496987459475 0.0487742256747 0.0749894016496 0.0645702396121 0.0497661819476 0.0529485166479 0.0374824057494 0.0642662958941 0.068743549077 0.0746513418245 0.067075945402 0.0296221140137 0.0245005034203 0.0530066228536 0.0609136534617
Doc #241: 0.0514196391164 0.0332382890537 0.00260793514366 0.0658834236289 0.0729835461073 0.00393513863047 0.0551777891596 0.0289559128547 0.105765095489 0.0762773177731 0.0200895236883 0.000418505027115 0.00317845145687 0.0652401010208 0.104674065458 0.00312182180923 0.0641433897483 0.0552992686146 0.146368202836 0.041222583384
Doc #242: 0.0139298785494 0.0519588498182 0.0538860310682 0.0100212062633 0.0676767379825 0.0364297196147 0.0602313568262 0.0664058171113 0.0719861520996 0.0657456959367 0.0204002968236 0.0938090180932 0.0810982947059 0.000685917689234 0.0625984925587 0.0786895090327 0.00106395983698 0.0139439292647 0.0728458216569 0.0765933150682
Doc #243: 0.0677611704042 0.0718501764407 0.0381135921045 0.0512415031129 0.0696784619433 0.0283030946222 0.0706489865665 0.0197375742132 0.0382118981381 0.0133417793031 0.0718957103102 0.0643105532531 0.0315713345958 0.017714281389 0.0224582671162 0.0553786874722 0.0398597045835 0.0819265509997 0.0779470628574 0.068049610574
Doc #244: 0.0675410838152 0.0415573146277 0.0676061767282 0.0801547181751 0.00604134129236 0.0311707069248 0.0236262657066 0.0726249277711 0.0871298980881 0.078269390591 0.00660787334902 0.0660694244786 0.0546436724784 0.031168445527 0.0198877709615 0.0529842546706 0.0450762812172 0.0362412671207 0.0643220896492 0.0672770968277
Doc #245: 0.0676359650979 0.0205460227014 0.00202383173601 0.0633360654167 0.00402344041317 0.0112896454656 0.041975021805 0.0448585692616 0.0787143261095 0.0548445683265 0.0175366684078 0.0249320267288 0.0794202076814 0.0473759589865 0.0753193087998 0.0128823440738 0.114000987893 0.0688383260052 0.0858750454146 0.0845716696762
Doc #246: 0.0453131225343 0.0358492659789 0.0866639956616 0.0339605282339 0.0240365281474 0.0750666519373 0.0597778820495 0.0359071535563 0.0689361008449 0.0305218710285 0.000606333619991 0.0458285102207 0.0544398457279 0.0839695317655 0.0394959513923 0.0510712634563 0.0601442425223 0.0380641451849 0.0979423805324 0.0324046956051
Doc #247: 0.0658570412841 0.0875409468039 0.0567680022223 0.0813704888835 0.0320560255854 0.00138697490287 0.0972270988639 0.0521844307965 0.03954090338 0.0344771366194 0.00194428934296 0.0666647572937 0.0464556035625 0.0136744661262 0.0250582231106 0.0669921944983 0.0135466754118 0.0687087144713 0.0928057916693 0.0557402351716
Doc #248: 0.0151929243506 0.0437820685769 0.0508087871125 0.0859834553592 0.0598398402485 0.0221345250725 0.0175389539133 0.0293371480531 0.00291160022618 0.039636281975 0.0844804148035 0.0566417303364 0.0251479295857 0.00355461382871 0.0955714250747 0.0879239556766 0.0768558616098 0.050803313204 0.0888625100541 0.0629926609386
Doc #249: 0.0238797305667 0.0361526086151 0.158518827913 0.0433056802453 0.0135070737528 0.0874620379408 0.0151116780445 0.00463991795015 0.0400341288834 0.0507699856174 0.0051826567446 0.00522305819 0.0743854899661 0.0675459119953 0.0102419511091 0.0945715961532 0.0941137687947 0.0940008308011 0.0408177605547 0.0405353061618
Doc #250: 0.0808669337116 0.00487206454703 0.0406936106624 0.0815388607198 0.00163881373552 0.0868110424816 0.0135493632152 0.0331758742278 0.0513498346471 0.0879389369804 0.0859514452263 0.0476873500633 0.0237173361354 0.0410858838869 0.0875500002999 0.0674812031655 0.0372219201299 0.0741899761898 0.00225942931439 0.0504201206601
Doc #251: 0.0126928241474 0.0230588628446 0.0407849912278 0.0191853585884 0.101552222398 0.0228500638945 0.016118250713 0.0906262388232 0.0326520910727 0.0267068760048 0.0401014339252 0.0310936754849 0.0232850061512 0.0511979633058 0.0651536600551 0.0318885627602 0.0660320096083 0.0760355479457 0.121671532391 0.107312828659
Doc #252: 0.0478945798734 0.0897268047438 0.0656241199587 0.0131498890382 0.089570903756 0.117067434644 0.0797689294137 0.0328739024513 0.107743216869 0.0278990193868 0.0731107490565 0.051494215836 0.0119171484285 0.0124911205069 0.0365943042449 0.00818501697409 0.097021266006 0.00966628565486 0.00844812218928 0.0197529709675
Doc #253: 0.0598309372746 0.0546152295259 0.0573523147324 0.0870737781861 0.0544433289879 0.00143880836913 0.0629905949996 0.098421078559 0.00206924116686 0.0650668222319 0.0433251901363 0.0771666627988 0.0294383067452 0.0574789673865 0.0439357932101 0.0588190834174 0.0989965845445 0.0296344328944 0.00533298361963 0.0125698612139
Doc #254: 0.0158262073882 0.0787224887579 0.0375345774441 0.0381499412244 0.103463444177 0.0198175632257 0.0898809009077 0.0324425228475 0.0426680370371 0.0886993621589 0.0893628067635 0.0430314689058 0.00452086700174 0.0350461228472 0.0519357021392 0.065563313149 0.0562249089738 0.0298028467186 0.0213944186616 0.0559124996716
Doc #255: 0.0285745536137 0.0814059906278 0.0576100774122 0.0749767969897 0.0647608274002 0.0248757572906 0.0298048532761 0.00330296996481 0.0399034762805 0.0501135676649 0.0504892058083 0.0479410710897 0.000919829024353 0.092005391923 0.0635432225941 0.0566140313223 0.0500117749401 0.056039823102 0.0652130858335 0.0618936938422
Doc #256: 0.0476155304457 0.0357392248915 0.0943063522914 0.0852406151288 0.0416730726313 0.0275624229963 0.00604428720779 0.0320521708682 0.0990509290455 0.0780467293885 0.0754672783305 0.0106934900944 0.0594258961189 0.023390165675 0.0792462510115 0.0464058985886 0.0499698448759 0.0280006803498 0.053288679313 0.0267804807474
Doc #257: 0.0232930200306 0.0469030028577 0.0929551837432 0.0192264524464 0.109619169 0.0795449810851 0.0497160939739 0.0437173850204 0.0200355756031 0.0580852103449 0.0791247241883 0.0093892930211 0.00563711249762 0.0743788074587 0.0507523253097 0.05251190416 0.041889695373 0.0794648332116 0.0101176866305 0.0536375440439
Doc #258: 0.0413485222288 0.0994412389682 0.0172926639369 0.0864896173119 0.0438952444596 0.0528553753416 0.0617562841862 0.080756258078 0.0791103363589 0.00428972588398 0.0731239098484 0.0269294044512 0.0345290133581 0.0471731341004 0.0144729739249 0.0215389137373 0.0819712796585 0.017864342819 0.00222341890625 0.112938342442
Doc #259: 0.114009795154 0.0309190869197 0.0751728815378 0.0150651627716 0.0682818858843 0.0905557365867 0.0336585171555 0.0472264190659 0.0936035185762 0.00639191118887 0.114186821303 0.0223995287192 2.70784292547e-05 0.035675200608 0.013766179724 0.012283413489 0.0835522438361 0.00242168656406 0.0216076879976 0.119195244489
Doc #260: 0.0717921291577 0.0791226978193 0.0743950211951 0.0555041508619 0.097360494223 0.0108141367539 0.0175133017935 0.0113953423107 0.0387967519197 0.0656348608433 0.0853160024988 0.0656090839527 0.0173817146535 0.0428784538972 0.0493529259287 0.0229845050592 0.00479364949024 0.0819107890105 0.0762029176082 0.0312410710229
Doc #261: 0.0202134410133 0.0708513126761 0.0135036658315 0.0670255354383 0.0177484715004 0.0322816846985 0.0633129323626 0.00923454049069 0.0766802630467 0.054924421414 0.000572691900299 0.0331786218577 0.0756385071656 0.0816332385537 0.0610178485243 0.0446343987396 0.034467411675 0.0724012448486 0.0755722650494 0.0951075032137
Doc #262: 0.0628023755889 0.0780275481785 0.0839577117675 0.045931223895 0.0527213185242 0.0942184555806 0.031434701407 0.0313631409436 0.00743091510684 0.0158971705767 0.0633382742246 0.00707324462577 0.0279783981669 0.0771085030273 0.090153964415 0.020750112935 0.0763299827581 0.0367411155281 0.0711644714683 0.0255773712821
Doc #263: 0.0125040141343 0.0444539137355 0.0256221032884 0.0740941632219 0.0295500247145 0.0887408823421 0.04929353587 0.094250123448 0.0802785062493 0.0698344357798 0.0234291587959 0.0714191497451 0.0390878093073 0.083612257229 0.0184712131964 0.034020360993 0.019327459969 0.0557437873949 0.0145056514589 0.0717614491267
Doc #264: 0.0172782927134 0.0415911685657 0.0859535598598 0.0873318709474 0.0808476288268 0.0586362230409 0.0095574587092 0.0259957551196 0.00562638095506 0.0665408328085 0.0469304236555 0.0597646585095 0.0384948538056 0.0110596463258 0.0423328988308 0.0695729229018 0.0355780550323 0.0611662835166 0.0839437228974 0.0717973629782
Doc #265: 0.0756538099859 0.0348819276322 0.0809003869361 0.0447761462871 0.0516167042514 0.0669652402088 0.0408587907692 0.0482155384461 0.0111291775626 0.0788661736164 0.0712151930277 0.043178268218 0.0191544096575 0.0530764924044 0.00981318102977 0.0334225840356 0.0952908992689 0.0259361115203 0.0745611282574 0.0404878368848
Doc #266: 0.0488214627586 0.100212991848 0.0162345366634 0.00111057199296 0.0342274303821 0.00113237469133 0.00852240371077 0.0798841840459 0.0785940356372 0.0132054270616 0.0784703391869 0.0300712019692 0.0933090660442 0.0572449581782 0.0846886380628 0.0340682717507 0.0274665182165 0.0796452604659 0.049950878271 0.0831394490627
Doc #267: 0.0678107814039 0.0260607499758 0.00397781221648 0.0807288180436 0.0617510643726 0.0369057353748 0.0317049814127 0.0576855353356 0.0502679089915 0.0362257077711 0.0597045650579 0.0392014930021 0.0362006932415 0.0691122638512 0.0932808116885 0.0098846035593 0.0154864144271 0.0554658113904 0.103634916728 0.0649093321562
Doc #268: 0.0859179143044 0.0175296366368 0.0782738773678 0.0205621865862 0.0476145718957 0.0327719376948 0.109104938499 0.0107937436537 0.0927025293574 0.00247366109475 0.0653978069566 0.0248155207697 0.0487557204752 0.0698454081086 0.0665374658939 0.0179396659511 0.0579654874424 0.0561069533752 0.0121766835469 0.0827142903897
Doc #269: 0.0552322780099 0.0296781232472 0.0382864868436 0.0528636302197 0.0937681652037 0.0196119441422 0.00678842867133 0.0740654453195 0.0443705846324 0.00825532364297 0.00828958580507 0.0378909610923 0.0612131169048 0.0648885300876 0.0811638905084 0.0589226263079 0.109772866997 0.0522306783015 0.0912461664813 0.0114611675813
Doc #270: 0.03907217523 0.0553263749568 0.0491180337352 0.0475373899962 0.102812006725 0.0239658301424 0.0113949070937 0.0147585683646 0.0172963278503 0.0956718809383 0.0149642887678 0.0745455269351 0.084167692513 0.0390983894122 0.00350527671088 0.0368242247244 0.072091626333 0.0936851945805 0.0654849904133 0.0586792945776
Doc #271: 0.00459901883304 0.00257266892199 0.0599458489442 0.042963421618 0.111004656551 0.0704702204268 0.0316196044912 0.0149148746484 0.0115904199396 0.127011017934 0.12896692641 0.0135484680589 0.058794624669 0.0689367891487 0.0505534044361 0.039965494644 0.0016418896384 0.0328675331024 0.060599201717 0.0674339158669
Doc #272: 0.0291241189047 0.0296871513644 0.0595632221183 0.0381224053901 0.0252695740919 0.00640463684193 0.103450028067 0.0660878434237 0.00708240095709 0.0296099950048 0.0170449846788 0.0790318436537 0.113587068069 0.0453583448047 0.0656258269071 0.0129763264914 0.0207146804125 0.116604688788 0.0480199559073 0.0866349041241
Doc #273: 0.0873816476571 0.0187408687473 0.084935862262 0.0323412906686 0.052905201822 0.0586512230487 0.0600790508244 0.0509351626601 0.0694026607513 0.0520941412967 0.0332846585418 0.0179089475822 0.0039494580591 0.0682316260441 0.0699151533472 0.0604192675275 0.0540319417371 0.0544683363982 0.0609804257552 0.0093430752696
Doc #274: 0.0132165844626 0.0610534821362 0.075990816701 0.0623407838027 0.0839776352175 0.00922654040298 0.030505683661 0.0470991198852 0.0124496217422 0.0834161149326 0.119882859196 0.0425632259614 0.0528042779147 0.101957816832 0.00831270399155 0.0341787406091 0.0146816399172 0.005581947689 0.0445489167115 0.0962114882335
Doc #275: 0.0686642989641 0.0229483361831 0.0279595466343 0.00391701625551 0.0601115472713 0.0346599021132 0.0795200717382 0.0956854702905 0.0658604370677 0.066265380972 0.000475227095988 0.0900082210117 0.033115808745 0.0218399540442 0.0616818896048 0.0410041965577 0.0891027400607 0.0215513054094 0.102663216814 0.0129654331665
Doc #276: 0.0719165226713 0.0446993506854 0.0704560612825 0.0310638748594 0.020398999698 0.0290837084517 0.0303268430271 0.0253563207127 0.103646242825 0.0530382507062 0.0428621936354 0.0560790768918 0.0521432711656 0.0389936613029 0.00797596645513 0.0750866433496 0.0518825355619 0.0922605195081 0.0145954947425 0.0881344624681
Doc #277: 0.00862638772256 0.0274858379063 0.0189679017512 0.0784201864148 0.071544048717 0.064410552602 0.103164662798 0.106312388974 0.0523358465057 0.0531754081093 0.0425134572923 0.110635916733 0.0689941419891 0.0594513953018 0.0370268184308 0.0299222709196 0.00288042575231 0.0313766101505 0.00201336562929 0.0307423763006
Doc #278: 0.0557662088115 0.0208013776703 0.0767764411229 0.0313905653528 0.039073824598 0.0718347356897 0.0592951392678 0.0613472578701 0.0741555043705 0.0735222530144 0.0303525959044 0.0164977777738 0.0972325964569 0.0806380697271 0.0200871789015 0.0391360358304 0.0660765931197 0.00995122323855 0.0667297727964 0.00933484848341
Doc #279: 0.109977231373 0.0166391363255 0.0756751022236 0.0401891423671 0.0232494315359 0.0872690554627 0.0801220822176 0.0423797781001 0.0393504386645 0.0620450083058 0.0549143009909 0.091608818338 0.0244329652893 0.0878385375494 0.0596345925588 0.0380225146799 0.00195044071215 0.0120074069688 0.0463571415238 0.00633687481303
Doc #280: 0.0225763873609 0.06923536758 0.0694852392384 0.0401664547812 0.050436717489 0.0802700281672 0.0469393595149 0.0190419882023 0.0134434300153 0.0434749073102 0.0640297317201 0.0709217144799 0.0866596028102 0.0633432825809 0.0486469487454 0.000639755020058 0.0574454360261 0.0618646089944 0.0265286359028 0.0648504040609
Doc #281: 0.0281529773099 0.0365642043381 0.0326094895547 0.0817287134016 0.0453190498847 0.114704168777 0.0151099506972 0.0542892491273 0.00598522608376 0.0112464919788 0.029128818288 0.109728372667 0.0622638786188 0.0876443595 0.0571871642311 0.0121872529283 0.0723596606067 0.0254787446419 0.0513066425333 0.0670055848317
Doc #282: 0.0225380029759 0.0669131984265 0.0327272706642 0.0774241611479 0.0409000436498 0.0742668718297 0.0278881375303 0.0877044875419 0.0817095006612 0.02834544799 0.0234272543068 0.085858059684 0.0161663687973 0.0704383028015 0.00703871066505 0.0640956549743 0.0777020869882 0.0114573389946 0.0723592410399 0.0310398593309
Doc #283: 0.0265469247606 0.0281161712052 0.0914105143633 0.0148716131935 0.063685083087 0.0539859785129 0.0720417981607 0.0373199854525 0.094727191419 0.0120662804576 0.0378544590965 0.0292485847574 0.0257396781898 0.0395155960882 0.0902293483603 0.00422371822313 0.0306776585024 0.0697766997452 0.105982087155 0.0719806292696
Doc #284: 0.0194469739674 0.0339584731548 0.0767951925912 0.0841745220531 0.0690006476664 0.00228417463908 0.00207636517007 0.057375557852 0.0280523041023 0.0559021266623 0.0668542020957 0.0204415017238 0.0858347385192 0.0101294421125 0.094720303584 0.0456625004849 0.105014002085 0.0288987981022 0.0305139250023 0.0828642484317
Doc #285: 0.0941410358911 0.00951886870007 0.102512479226 0.0309981782986 0.00716778973367 0.0221258569437 0.0262755592353 0.10649108077 0.0687594032417 0.0103366474476 0.0733486422659 0.0246430661304 0.0614413289913 0.0558871479623 0.078464664657 0.0617807493772 0.0454441231301 0.0108791801255 0.0866133498316 0.0231708480411
Doc #286: 0.0757193989617 0.0097114454146 0.0324500377951 0.0271222479411 0.0817364988123 0.0162659596204 0.00426297311545 0.0760621350194 0.0479134608038 0.0163525747295 0.0706660257588 0.0558271762589 0.0699771763103 0.0503162872967 0.017840710847 0.0708300098827 0.057688617569 0.0541853416187 0.102197083818 0.062874838427
Doc #287: 0.0611647231389 0.03498011315 0.0989848057199 0.037821686327 0.021275769559 0.0170965318542 0.0194048735042 0.0397054393148 0.0285954436428 0.0660643936281 0.0782074419351 0.0216811902054 0.0392915734076 0.0956702648978 0.0425934511879 0.0702136634618 0.0302769468774 0.0459274024819 0.0952117777204 0.0558325079857
Doc #288: 0.0672088332831 0.0353027892993 0.0858356479817 0.0477706579958 0.0554263393788 0.0105837743342 0.00026801411113 0.00448061484829 0.0437019562946 0.124459567928 0.0152838246428 0.0323511718747 0.017904325528 0.0994611361223 0.0540723453202 0.00895950890831 0.100618258757 0.0806560409469 0.00733149262704 0.108323699818
Doc #289: 0.00800393942657 0.0729051516597 0.0166649063487 0.0289140193561 0.011872283633 0.0743500890228 0.0579029553609 0.0745083624379 0.0898777108923 0.031514636747 0.0829479898146 0.081463602345 0.0831072830564 0.00914019497364 0.00504694416753 0.0619502765214 0.0831551749086 0.0262622956466 0.0750036623477 0.0254085213335
Doc #290: 0.0491423824109 0.00815866661298 0.0719472513359 0.00362941338045 0.0802083879988 0.00870530516101 0.0401439010644 0.0685103110025 0.0524931982145 0.0240173829865 0.0736337517521 0.0778160230457 0.0801043098686 0.0595891792102 0.0538817598815 0.0335160920815 0.0379031537722 0.0509527154448 0.063008370383 0.0626384443924
Doc #291: 0.0716685654142 0.0861340840857 0.0660623953736 0.0409163873679 0.00393015636532 0.0174375214512 0.0726926273376 0.0914296838688 0.0484095744228 0.0660567766972 0.0568613242155 0.086647043963 0.0789931477616 0.0123399308299 0.00318719874247 0.0293167228101 0.0792474480254 0.0436160592021 0.0209190836081 0.0241342684577
Doc #292: 0.0562600477598 0.0267492731223 0.06471024668 0.00064301932136 0.0727086279421 0.0780352119466 0.0264849594951 0.0981739842444 0.0901748309338 0.0691396075518 0.031050162362 0.0491599571989 0.0499468928663 0.0183541178958 0.0012264312821 0.0643781048703 0.0876216420832 0.0373585434849 0.069698553569 0.00812578539021
Doc #293: 0.0559001652955 0.000828868034674 0.0594814652302 0.0517580953688 0.0883074879357 0.0517655710067 0.00404035742116 0.0183664254259 0.000777344732023 0.082072151079 0.10247823152 0.073423865868 0.0400872901778 0.0290297532234 0.100576048438 0.094640347405 0.0587357814783 0.0762784566597 0.000526526984053 0.0109257667161
Doc #294: 0.103247215057 0.0713655349222 0.0085655397716 0.000432956954874 0.080056489291 0.0757192478751 0.0952234072531 0.00413650822432 0.0641048688866 0.0422565042383 0.0127267585618 0.0454115657619 0.0439043722336 0.00355503185665 0.0750266723422 0.0225096856086 0.0439574618032 0.0664148209235 0.0981319653316 0.0432533931027
Doc #295: 0.0735783201043 0.018785698752 0.0630369555458 0.0152618320435 0.0131757970407 0.0926816595526 0.0648054365052 0.0399165125732 0.0601375536231 0.00746821955991 0.0145019652115 0.0762898698538 0.0812904153116 0.00308159177602 0.0675359980874 0.102442858344 0.047378317748 0.0955298239917 0.0627988552605 0.000302319115021
