358 1
393 1
401 1
411 1
41375 1
418 1
428 1
431 1
443 1
472 1
474 1
478 1
485 1
488 1
504 1
507 1
513 1
518 1
524 1
527 1
534 1
536 1
542 1
543 1
548 1
555 1
560 1
564 1
566 1
567 1
580 1
586 1
590 1
594 1
600 1
602 1
606 1
614 1
615 1
616 1
622 1
624 1
627 1
631 1
632 1
637 1
639 1
643 1
645 1
648 1
8301 1
656 1
657 1
660 1
663 1
665 1
666 1
667 1
670 1
671 1
674 1
675 1
677 1
678 1
681 1
688 1
693 1
694 1
695 1
698 1
699 1
700 1
702 1
704 1
709 1
710 1
714 1
717 1
724 1
726 1
731 1
734 1
739 1
743 1
745 1
746 1
751 1
752 1
764 1
765 1
8958 1
767 1
768 1
769 1
770 1
771 1
8209 1
773 1
774 1
775 1
783 1
784 1
785 1
786 1
788 1
794 1
796 1
801 1
802 1
806 1
808 1
812 1
815 1
819 1
821 1
822 1
823 1
826 1
827 1
829 1
833 1
835 1
839 1
845 1
846 1
848 1
851 1
855 1
859 1
866 1
868 1
872 1
873 1
875 1
876 1
877 1
879 1
881 1
882 1
886 1
887 1
889 1
891 1
892 1
899 1
901 1
903 1
904 1
905 1
906 1
909 1
911 1
917 1
918 1
924 1
926 1
928 1
934 1
937 1
939 1
940 1
9136 1
946 1
947 1
948 1
953 1
955 1
961 1
963 1
965 1
966 1
968 1
971 1
974 1
983 1
987 1
988 1
989 1
992 1
994 1
1000 1
1005 1
1011 1
1015 1
1016 1
1017 1
1022 1
1023 1
1024 1
1025 1
1027 1
1029 1
1030 1
1031 1
1036 1
1037 1
1038 1
1041 1
1048 1
1051 1
1054 1
1055 1
1057 1
1060 1
1063 1
1069 1
1070 1
1077 1
1080 1
1082 1
1085 1
8373 1
1088 1
1095 1
1098 1
1099 1
1100 1
1103 1
1106 1
1111 1
1113 1
25691 1
1116 1
1119 1
1122 1
1125 1
1128 1
16572 1
1131 1
1136 1
1139 1
1143 1
1144 1
1146 1
1148 1
1151 1
1158 1
1165 1
1166 1
1169 1
1172 1
1176 1
1185 1
1187 1
1188 1
1189 1
1195 1
1197 1
1199 1
1200 1
1203 1
1204 1
1205 1
1207 1
1210 1
1213 1
1218 1
1220 1
1224 1
1233 1
1234 1
1238 1
1239 1
1241 1
1242 1
1243 1
1254 1
1267 1
1269 1
1270 1
1275 1
1276 1
1279 1
1286 1
1288 1
1290 1
1293 1
1295 1
1296 1
1297 1
1299 1
1303 1
1304 1
1306 1
1307 1
1316 1
1317 1
1327 1
1329 1
1339 1
1342 1
1343 1
1345 1
1346 1
1347 1
1349 1
1351 1
1353 1
1356 1
1358 1
1361 1
1364 1
1365 1
1367 1
1372 1
1377 1
1378 1
1380 1
8422 1
1382 1
1385 1
1392 1
1393 1
1394 1
1395 1
1397 1
1400 1
1401 1
1404 1
1408 1
1409 1
1410 1
1411 1
1412 1
1413 1
1415 1
1417 1
1420 1
1421 1
1425 1
1429 1
1430 1
1431 1
1432 1
9629 1
1443 1
1447 1
1454 1
1455 1
1457 1
1464 1
1465 1
1471 1
1473 1
1474 1
1477 1
1479 1
9675 1
1487 1
1491 1
1495 1
1498 1
1500 1
1504 1
1506 1
1508 1
1513 1
1516 1
1518 1
1524 1
1526 1
1533 1
1535 1
1540 1
1547 1
1548 1
1552 1
1554 1
1564 1
1565 1
1568 1
1572 1
1573 1
1580 1
1582 1
1584 1
1585 1
1587 1
1589 1
1591 1
1593 1
1596 1
1597 1
1604 1
1607 1
1611 1
1612 1
1617 1
1620 1
1624 1
1625 1
1628 1
1629 1
1630 1
1632 1
1637 1
1638 1
1642 1
1647 1
1648 1
1649 1
1653 1
1662 1
1673 1
1675 1
1679 1
1686 1
1694 1
1696 1
1701 1
1708 1
1719 1
1720 1
1729 1
1733 1
1736 1
11212 1
1745 1
1748 1
1749 1
1757 1
1758 1
1761 1
8486 1
1768 1
1769 1
8487 1
1772 1
1775 1
1777 1
1778 1
1779 1
1785 1
1792 1
1793 1
1796 1
1805 1
1808 1
18195 1
1813 1
1816 1
1818 1
1819 1
1820 1
1828 1
1842 1
1843 1
1845 1
1857 1
1877 1
1881 1
1887 1
1892 1
1893 1
1899 1
1903 1
1904 1
1905 1
1913 1
1914 1
1918 1
1924 1
1926 1
1927 1
1940 1
1945 1
1951 1
1952 1
1962 1
1966 1
1969 1
1970 1
1974 1
1977 1
1982 1
1985 1
1986 1
1988 1
1990 1
1991 1
1995 1
1999 1
2009 1
2011 1
2014 1
2026 1
2030 1
2036 1
2039 1
2052 1
2065 1
2076 1
2089 1
2101 1
2113 1
2117 1
2119 1
2123 1
2128 1
2129 1
2131 1
2132 1
2134 1
2141 1
2149 1
2157 1
2158 1
2166 1
2172 1
2174 1
2189 1
2197 1
2202 1
2204 1
2206 1
2210 1
8561 1
2217 1
10422 1
1737 1
2236 1
2242 1
2255 1
2256 1
2258 1
2263 1
2267 1
2268 1
2269 1
2270 1
2271 1
2273 1
2275 1
2278 1
2289 1
24958 1
2295 1
2303 1
2305 1
2307 1
2308 1
2309 1
2310 1
2319 1
2331 1
2337 1
2341 1
2346 1
10548 1
2361 1
2365 1
2370 1
2373 1
2375 1
2377 1
2380 1
2382 1
2397 1
1765 1
2403 1
2405 1
2406 1
2418 1
2422 1
2429 1
2431 1
2432 1
2434 1
2453 1
2457 1
2461 1
2466 1
2469 1
2487 1
2491 1
2493 1
2494 1
2496 1
2503 1
2505 1
2510 1
2517 1
2518 1
2527 1
2528 1
2535 1
2537 1
2547 1
2554 1
2558 1
2559 1
2570 1
2578 1
2588 1
2594 1
2597 1
2604 1
2607 1
2611 1
2632 1
2637 1
2638 1
2646 1
2653 1
2657 1
2659 1
2660 1
2663 1
9636 1
1811 1
2693 1
2706 1
2708 1
2711 1
2730 1
2738 1
2791 1
10990 1
2810 1
2811 1
2812 1
2821 1
2823 1
2832 1
2853 1
8824 1
2869 1
2870 1
2871 1
2878 1
2886 1
2895 1
2904 1
2906 1
2918 1
2923 1
2932 1
2949 1
2956 1
2958 1
2965 1
2968 1
2973 1
2977 1
2979 1
11176 1
2989 1
2991 1
3020 1
3043 1
3044 1
3060 1
3062 1
3074 1
3077 1
3079 1
3090 1
3099 1
3103 1
3104 1
3114 1
3116 1
3122 1
3127 1
3140 1
3142 1
3164 1
3170 1
3173 1
3179 1
3200 1
3222 1
3234 1
3236 1
3241 1
3252 1
3256 1
3261 1
3287 1
3293 1
3295 1
3309 1
65762 1
3331 1
3332 1
19722 1
3362 1
3376 1
3378 1
3399 1
3404 1
3427 1
3459 1
3469 1
3484 1
3487 1
3492 1
3498 1
3507 1
3527 1
3546 1
3558 1
8787 1
3598 1
3605 1
3606 1
3610 1
3611 1
11818 1
3635 1
3648 1
3652 1
11859 1
3705 1
3712 1
3719 1
3729 1
3744 1
3751 1
3761 1
3767 1
20166 1
3786 1
3793 1
3814 1
3819 1
3825 1
3838 1
3844 1
3872 1
3894 1
3910 1
3914 1
20339 1
3956 1
3966 1
3970 1
3975 1
3981 1
4028 1
61395 1
4116 1
4134 1
4140 1
4144 1
4173 1
4202 1
4238 1
4244 1
20640 1
4258 1
4264 1
4275 1
415 1
4286 1
4336 1
4364 1
4367 1
4393 1
4440 1
4462 1
12685 1
4497 1
16517 1
4524 1
4531 1
4549 1
4555 1
4577 1
766 1
4630 1
4638 1
25358 1
4711 1
4719 1
4749 1
4778 1
4796 1
4821 1
4837 1
4848 1
4857 1
4950 1
4985 1
4997 1
13204 1
5079 1
46053 1
5118 1
5204 1
5217 1
5255 1
5293 1
5307 1
5328 1
21745 1
5427 1
13657 1
13667 1
5477 1
5480 1
5497 1
21894 1
5511 1
21950 1
5593 1
5609 1
5824 1
5866 1
5880 1
5887 1
5892 1
6001 1
6050 1
6064 1
6127 1
6160 1
6247 1
6333 1
6348 1
6373 1
6437 1
6462 1
6488 1
1087 1
31119 1
6592 1
6654 1
6656 1
6717 1
14913 1
6722 1
6775 1
6839 1
6881 1
6912 1
23318 1
7007 1
7020 1
7151 1
7162 1
7244 1
7265 1
23679 1
7412 1
7534 1
7536 1
5361 1
7749 1
16030 1
16070 1
297 2
298 2
303 2
326 2
328 2
342 2
362 2
365 2
371 2
378 2
388 2
407 2
408 2
410 2
412 2
416 2
421 2
434 2
435 2
439 2
441 2
446 2
461 2
463 2
467 2
471 2
473 2
475 2
477 2
483 2
489 2
492 2
493 2
498 2
499 2
502 2
505 2
512 2
514 2
515 2
517 2
519 2
520 2
533 2
538 2
539 2
547 2
556 2
557 2
559 2
561 2
568 2
571 2
572 2
575 2
576 2
577 2
578 2
579 2
581 2
588 2
589 2
593 2
598 2
599 2
605 2
607 2
613 2
621 2
628 2
629 2
635 2
641 2
651 2
652 2
654 2
658 2
664 2
668 2
669 2
672 2
676 2
679 2
683 2
687 2
689 2
690 2
691 2
697 2
705 2
706 2
707 2
713 2
715 2
716 2
718 2
729 2
735 2
737 2
738 2
741 2
744 2
747 2
749 2
755 2
759 2
762 2
779 2
782 2
789 2
791 2
793 2
798 2
799 2
809 2
818 2
824 2
825 2
831 2
832 2
837 2
843 2
849 2
856 2
857 2
858 2
867 2
869 2
870 2
871 2
883 2
893 2
894 2
896 2
897 2
914 2
920 2
923 2
927 2
931 2
933 2
958 2
967 2
969 2
970 2
972 2
973 2
975 2
978 2
980 2
984 2
985 2
996 2
999 2
1009 2
1019 2
1021 2
1026 2
1028 2
1033 2
1034 2
1040 2
1042 2
1047 2
1050 2
1052 2
1053 2
1062 2
1072 2
1074 2
1078 2
1084 2
1094 2
1120 2
1126 2
1132 2
1133 2
1137 2
1141 2
1142 2
1147 2
1150 2
1152 2
1156 2
1157 2
1159 2
1160 2
1162 2
1173 2
1177 2
1180 2
1181 2
1211 2
1217 2
1223 2
1228 2
1248 2
1260 2
1271 2
1278 2
1285 2
1312 2
1315 2
1322 2
1325 2
1334 2
1357 2
1407 2
1416 2
1424 2
1441 2
1444 2
1453 2
1459 2
1470 2
1478 2
1482 2
1502 2
1509 2
1523 2
1551 2
1590 2
1602 2
1610 2
1644 2
1672 2
1692 2
1725 2
1731 2
1782 2
1844 2
1896 2
1920 2
1925 2
1937 2
1983 2
1993 2
2023 2
2028 2
2041 2
2056 2
2062 2
2070 2
2073 2
2114 2
2120 2
2127 2
2147 2
2287 2
2322 2
2363 2
2407 2
2485 2
2672 2
2752 2
2769 2
2786 2
2936 2
2951 2
2980 2
3080 2
3137 2
3330 2
3333 2
3382 2
3851 2
3899 2
4543 2
944 2
7156 2
250 3
262 3
273 3
286 3
291 3
313 3
314 3
316 3
322 3
335 3
337 3
339 3
356 3
363 3
372 3
375 3
387 3
402 3
406 3
422 3
426 3
427 3
429 3
430 3
436 3
437 3
438 3
440 3
442 3
444 3
450 3
451 3
452 3
456 3
457 3
462 3
470 3
480 3
484 3
497 3
508 3
509 3
521 3
522 3
523 3
531 3
537 3
546 3
549 3
550 3
563 3
565 3
569 3
573 3
583 3
591 3
595 3
597 3
603 3
612 3
625 3
630 3
638 3
646 3
650 3
653 3
661 3
662 3
673 3
680 3
682 3
685 3
686 3
692 3
711 3
712 3
721 3
722 3
750 3
756 3
758 3
761 3
777 3
780 3
787 3
792 3
795 3
813 3
817 3
828 3
853 3
854 3
874 3
884 3
902 3
907 3
916 3
932 3
936 3
945 3
951 3
960 3
981 3
990 3
1004 3
1008 3
1039 3
1179 3
1186 3
1229 3
1247 3
1255 3
1405 3
1449 3
1486 3
1680 3
1800 3
1956 3
772 3
199 4
203 4
244 4
263 4
275 4
282 4
288 4
289 4
309 4
318 4
327 4
336 4
346 4
347 4
354 4
357 4
359 4
360 4
367 4
368 4
381 4
383 4
386 4
390 4
394 4
397 4
400 4
414 4
417 4
420 4
423 4
424 4
425 4
445 4
449 4
455 4
468 4
469 4
476 4
479 4
481 4
487 4
494 4
495 4
503 4
516 4
525 4
526 4
528 4
540 4
541 4
544 4
545 4
551 4
553 4
558 4
562 4
582 4
585 4
596 4
611 4
640 4
647 4
684 4
701 4
703 4
778 4
804 4
811 4
863 4
890 4
900 4
952 4
962 4
204 5
207 5
209 5
237 5
240 5
245 5
249 5
254 5
255 5
264 5
269 5
283 5
284 5
292 5
293 5
301 5
302 5
306 5
311 5
323 5
324 5
329 5
333 5
334 5
341 5
343 5
344 5
348 5
361 5
370 5
373 5
385 5
391 5
392 5
403 5
404 5
409 5
458 5
459 5
464 5
465 5
490 5
500 5
501 5
529 5
530 5
552 5
604 5
608 5
618 5
649 5
659 5
696 5
864 5
1110 5
167 6
169 6
173 6
177 6
225 6
227 6
251 6
257 6
261 6
268 6
270 6
285 6
287 6
295 6
296 6
299 6
300 6
304 6
308 6
317 6
319 6
320 6
325 6
330 6
332 6
338 6
345 6
349 6
350 6
353 6
355 6
364 6
369 6
376 6
379 6
380 6
398 6
413 6
419 6
432 6
448 6
453 6
466 6
510 6
178 7
180 7
187 7
200 7
233 7
235 7
247 7
253 7
256 7
259 7
265 7
279 7
281 7
294 7
307 7
310 7
312 7
315 7
321 7
331 7
340 7
366 7
374 7
377 7
384 7
396 7
399 7
405 7
447 7
454 7
460 7
482 7
486 7
554 7
584 7
153 8
183 8
208 8
210 8
214 8
230 8
234 8
239 8
243 8
246 8
258 8
266 8
272 8
277 8
290 8
382 8
389 8
212 9
217 9
220 9
222 9
226 9
229 9
260 9
267 9
271 9
351 9
352 9
395 9
165 10
174 10
189 10
198 10
202 10
205 10
206 10
232 10
236 10
274 10
276 10
147 11
182 11
219 11
221 11
228 11
231 11
242 11
252 11
150 12
156 12
184 12
193 12
195 12
201 12
213 12
223 12
248 12
278 12
137 13
159 13
160 13
188 13
190 13
191 13
192 13
215 13
218 13
241 13
161 14
168 14
179 14
196 14
211 14
224 14
238 14
280 14
125 15
136 15
139 15
145 15
149 15
162 15
163 15
166 15
181 15
194 15
131 16
132 16
151 16
154 16
185 16
197 16
133 17
157 17
171 17
176 17
216 17
115 18
141 18
155 18
164 18
127 19
143 20
144 20
152 20
172 20
175 20
186 20
105 21
119 21
121 21
128 21
146 21
148 21
158 21
170 21
122 22
123 22
135 22
138 22
140 22
101 23
112 23
120 23
134 23
103 24
126 24
114 25
130 25
107 26
113 27
129 27
111 29
95 30
97 30
142 30
83 31
87 31
110 31
118 31
116 32
99 33
102 33
91 34
96 35
124 35
79 36
89 36
108 36
93 37
109 37
85 38
117 38
77 39
88 39
81 40
106 40
98 42
65 43
92 43
104 43
94 44
100 45
67 47
71 47
69 48
75 49
86 49
90 51
73 52
82 52
61 57
72 57
55 58
74 58
76 58
84 58
78 59
57 60
63 62
80 65
66 67
49 69
53 69
59 69
51 70
68 70
47 71
70 73
60 76
41 78
64 90
43 92
45 92
62 93
39 95
56 96
54 98
58 114
37 122
35 123
50 124
33 127
52 127
27 128
29 140
48 143
31 144
46 147
25 157
42 162
44 163
40 194
21 201
23 207
38 208
19 230
36 241
34 251
17 264
32 273
30 284
15 321
28 373
13 416
26 417
24 459
11 460
22 501
9 540
20 636
7 728
18 745
16 883
14 1130
5 1159
12 1634
10 2181
3 2488
8 3223
6 5221
1 10350
4 11243
2 32737
