
 
                         *** national hockey league ***
                                  92-93 season
 
                             home attendance report
 
  each qtr. represents 10 home games,   qtr. 4 will have 11 home games.
  neutral site games are not included.  s/o indicates the number of sell-outs.
 
 team
 name   qtr. 1   s/o  qtr. 2   s/o  qtr. 3   s/o  qtr. 4   s/o   totals   average
 ================================================================================
 bos    140,573   5   142,694   7   142,768   6   152,468   8    578,503   14,109
 buf    144,701   0   148,516   3   152,133   5   168,878   4    614,228   14,981
 cal    190,125   1   196,174   3   196,982   4   217,346   5    800,627   19,527
 chi    176,372  10   176,746   9   177,981  10   196,749  11    727,848   17,752
 det    196,330  10   196,670  10   197,228  10   217,167  10    807,395   19,692
 edm    139,038   0   149,422   2   152,831   2   165,384   2    606,675   14,796
 har     92,994   0   110,670   2   108,651   0   122,123   0    434,438   10,596
 la     154,065   5   159,014   8   160,050  10   176,055  11    649,184   15,833
 min    130,710   2   140,933   3   139,986   1   160,213   4    571,842   13,947
 mon    168,097   8   169,671  10   168,784  10   190,186  11    696,738   16,993
 nj     127,053   0   124,011   2   145,856   2   163,050   1    559,970   13,657
 nyi    114,706   1   108,502   1   123,167   3   139,946   0    486,321   11,861
 nyr    178,200   7   179,990   6   182,000  10   199,337   8    739,527   18,037
 ott    104,713  10   105,000  10   104,602  10   115,330  11    429,645   10,479
 phi    172,372   4   172,967   3   172,613   2   190,520   5    708,472   17,279
 pit    160,379   6   161,475   8   161,280   6   177,705  10    660,839   16,118
 que    149,452   3   147,911   3   147,394   2   168,830   8    613,587   14,965
 sj     110,890  10   110,374   8   110,120   7   121,745  10    453,129   11,051
 stl    156,313   3   170,531   5   171,249   5   187,849   7    685,942   16,730
 tb      97,269   5    99,621   6    99,611   4   114,059   9    410,560   10,013
 tor    155,500   4   157,779   9   157,014   8   172,888  11    643,181   15,687
 van    144,120   0   154,184   4   157,094   6   176,751   8    632,149   15,418
 was    153,209   0   163,563   1   161,479   2   171,711   2    649,962   15,852
 win    131,072   0   135,902   1   133,414   1   154,956   2    555,344   13,544
  
      3,488,253     3,582,320     3,624,287     4,021,246     14,716,106
  
 avg.    14,534        14,926        15,101        15,231                  14,955
 