Doc #0: 1.61069273604e-20 2.17479116228e-07 2.16651468471e-11 0.999977479739 1.8533414791e-19 2.2299227948e-05 7.49621109433e-10 9.39662988595e-11 7.77321510001e-18 2.68829533119e-09
Doc #1: 1.30400090874e-11 0.00276613929779 2.11902494207e-08 1.35480016628e-08 9.60865209772e-10 0.996805659051 1.2160611825e-10 0.000428165808595 8.48112971148e-12 3.78724496388e-14
Doc #2: 0.402453641868 0.597546329536 6.24893371122e-14 1.78545327239e-08 4.65087622302e-10 1.16796492598e-13 1.11545557792e-17 1.0276765994e-08 1.50707979315e-17 1.11014053912e-15
Doc #3: 2.65804945691e-07 0.655350363263 1.18577957528e-08 1.06388460238e-15 6.57956806304e-05 2.36784631793e-18 4.28115968647e-06 9.86978005423e-17 8.66229565585e-08 0.344579195611
Doc #4: 4.39886172568e-18 1.79864020692e-08 0.0969001341661 2.66848248234e-05 0.00098459768784 0.0157580272772 0.828704358031 2.8982483846e-08 3.64219556476e-07 0.0576257868249
Doc #5: 8.15385014861e-15 7.00908003955e-08 5.3148416906e-07 6.12399302583e-07 6.53136574175e-10 0.999998784748 6.24552447092e-10 1.3544322158e-15 4.60771417635e-19 1.92552760429e-13
Doc #6: 4.97840656704e-12 0.185395528309 0.0603177940524 0.507843516747 1.0977169293e-15 1.06354464659e-12 1.82575731117e-06 0.155511685441 1.1169756178e-09 0.0909296485697
Doc #7: 3.22165929174e-17 1.29316485839e-07 1.08656702589e-14 0.691749885135 0.0810521533691 2.07567488191e-06 1.94043805746e-08 0.224809904296 0.00238552835287 3.04451417145e-07
Doc #8: 4.09324933806e-09 1.38813457663e-08 0.0207070324951 0.000296100841628 0.978849353621 4.22278984183e-10 2.24411523394e-06 0.000126674058673 1.85480586035e-05 2.84128626216e-08
Doc #9: 1.34869610253e-22 2.01590342623e-12 7.56167153355e-25 1.69146807361e-07 8.7929994906e-18 0.999999830841 2.43907168667e-12 7.41572061731e-12 1.7051237719e-19 1.65159915227e-14
Doc #10: 0.038688314279 7.18141652039e-10 7.97911893415e-13 3.74667208322e-14 3.86059391416e-11 0.961310310419 5.59009725288e-15 1.37426667205e-06 2.77397587984e-10 9.8984028319e-17
Doc #11: 4.1425539213e-12 1.36934416999e-17 5.00995201206e-17 1.32270071957e-11 9.72570990612e-29 0.999977369117 5.61997218681e-11 2.26308092873e-05 1.69126321548e-21 3.44253024422e-16
Doc #12: 1.08254793597e-16 7.24608692394e-11 1.28017077043e-18 0.998543926909 2.4848298242e-15 0.00138271780733 1.21446793616e-07 1.16093810035e-06 5.82543274822e-22 7.20728267774e-05
Doc #13: 1.12273315733e-17 3.65887819925e-13 0.000267097481414 4.44049010893e-13 3.53379614414e-16 0.999732902518 1.17271859196e-13 1.29667251385e-16 4.09107557936e-21 1.02518626969e-13
Doc #14: 3.06267210731e-07 5.28357264664e-12 2.99938703191e-12 6.82579890759e-13 6.31139282724e-12 1.41600447865e-12 3.59613053487e-11 1.21393539721e-16 1.11040298677e-09 0.99999969257
Doc #15: 7.28862113259e-25 0.999999370395 3.49895009018e-13 1.61549718109e-07 3.41495086255e-15 9.99923544483e-14 2.21987658501e-12 4.62126221573e-07 5.92612874312e-09 4.66846827489e-13
Doc #16: 6.23095484515e-12 1.08804821894e-09 4.40535948986e-12 0.979154633021 7.35313776821e-12 2.24498401327e-23 4.2030749781e-14 5.50594359389e-06 1.84135858454e-18 0.0208398599295
Doc #17: 1.81552033291e-10 8.12908835462e-09 2.58802488258e-13 4.63389963417e-09 6.34364110622e-14 5.07813945084e-08 0.999997931802 1.75189529539e-06 1.55689890716e-14 2.52576717259e-07
Doc #18: 7.11231678528e-14 0.498519157037 4.83078747208e-13 0.290013093478 3.55660321676e-14 1.48986336601e-05 0.0650563437055 0.0567489667682 1.36004321415e-09 0.0896475390164
Doc #19: 4.65502755893e-15 6.27221232939e-09 1.34829761221e-11 0.00016017860223 4.95689616231e-15 6.05354575631e-14 3.66750734401e-11 0.999839815072 2.4603545461e-16 3.62019175454e-12
Doc #20: 4.48411962451e-17 7.52422358346e-12 1.20680210697e-12 2.45790561746e-18 2.01660382814e-11 2.29614733413e-30 3.12125765195e-39 3.06987893436e-23 0.999999999971 2.90987093619e-17
Doc #21: 0.87590329125 0.0740509409727 9.9662613716e-07 7.73486885199e-08 0.050044693658 8.48969234057e-26 1.85056495151e-11 1.53486819407e-17 1.26204445809e-10 3.07919386032e-17
Doc #22: 4.03323152073e-08 1.11465876874e-36 3.94535607256e-24 7.44723752623e-31 3.766013484e-28 1.39935516791e-28 0.999999959668 8.40158738053e-20 4.75861586675e-34 1.8247547052e-14
Doc #23: 0.0100556931614 4.64052937328e-19 2.72893964797e-16 4.73138603045e-21 0.841345859889 1.31413443073e-20 1.71068318046e-23 5.99670020231e-15 5.81876067886e-21 0.14859844695
Doc #24: 2.29207015432e-07 1.1726986083e-20 1.13489142052e-16 1.64794032977e-21 5.46795590189e-11 6.49815584368e-23 0.999983480491 3.20178410465e-20 3.53670744558e-17 1.62902468415e-05
Doc #25: 8.5197214689e-09 0.530217078311 2.23943964309e-09 6.432184524e-05 1.42297083135e-23 3.71496757891e-06 0.468963166091 1.11921348983e-08 2.53130652639e-17 0.000751696834238
Doc #26: 1.64040759217e-05 1.21459985358e-25 1.52464178528e-05 5.40298746478e-14 1.18055020191e-17 2.65316586484e-23 0.652764129009 0.173769694943 9.46016500846e-29 0.173434525554
Doc #27: 5.99472097627e-06 3.04017811804e-09 1.44529254509e-15 5.96883140713e-15 3.2883348512e-05 2.67075726828e-16 1.43682866576e-12 1.29013696985e-09 0.999961117599 3.64754731683e-15
Doc #28: 0.183040053292 1.12056056216e-11 0.0409435014334 1.27900174788e-13 3.6430023784e-34 3.57674609656e-16 0.196833455124 1.14831519509e-19 0.574991330024 0.0041916601149
Doc #29: 0.000622547347806 4.62568310687e-24 1.95276025526e-27 1.05002007813e-36 0.999372950499 3.33790840908e-37 1.0001942854e-35 1.05230662558e-26 1.40767833461e-23 4.50215306979e-06
Doc #30: 9.0381710188e-06 1.3297002102e-12 3.87130662901e-07 0.0817815065425 0.24765116068 2.58167058969e-08 9.72560031396e-11 7.43054919962e-19 3.80790463341e-12 0.670557881557
Doc #31: 8.14883386293e-11 6.07220099961e-16 0.00175126091974 7.58909894602e-23 0.000341369870573 1.90836320586e-26 0.527572111976 0.112164250671 5.95718629934e-13 0.35817100648
Doc #32: 3.70326155114e-08 9.48382015778e-18 5.93143752482e-10 1.95637213907e-14 0.999984692267 4.57265441211e-14 3.59232186953e-06 9.66803407623e-10 1.16768180754e-05 1.37906871212e-13
Doc #33: 6.67053032908e-10 7.5611663469e-24 5.04014929011e-18 1.35885762263e-29 1.32800639362e-18 2.7876405181e-23 2.76163663566e-23 8.65820119852e-32 2.17322922389e-24 0.999999999333
Doc #34: 1.55516865696e-10 1.24229129944e-18 1.54280988831e-25 2.28658112129e-27 0.00387015247502 3.42667047374e-21 2.80405876081e-20 0.996129847369 1.58151860019e-15 5.42811086863e-24
Doc #35: 3.3211496698e-09 0.465468974239 1.66604639923e-07 0.000788152671156 9.38749342086e-18 6.5219832499e-11 7.85827814795e-07 0.0670955428165 0.466646374453 1.77252131688e-12
Doc #36: 0.0695315669519 5.8326994911e-07 2.42344970922e-10 0.77728982756 2.29034585598e-10 0.153178017733 5.83600293544e-15 2.97231764039e-18 3.88265805378e-12 4.00986027611e-09
Doc #37: 2.29940121362e-18 2.18675573535e-12 5.07607213415e-08 4.46824360179e-10 3.36597758414e-12 0.787412288215 0.212587660162 4.23112065558e-11 3.68463672205e-10 5.04730172787e-19
Doc #38: 0.451660685811 0.00144606520412 5.95906036827e-10 1.7609399961e-08 0.260759510004 1.4148583846e-26 2.76792406396e-13 1.79849868385e-21 0.286133644756 7.60195163396e-08
Doc #39: 1.60916893931e-11 1.89510903797e-19 9.52338443967e-29 1.54195208929e-24 6.42999375667e-06 5.20944232418e-25 2.15614696798e-19 0.99999356999 3.22158040929e-16 9.1002579385e-23
Doc #40: 1.54528024745e-11 0.000108984915374 9.33707741139e-19 6.89279951445e-31 5.03480327835e-18 5.0307844296e-23 3.08946160525e-11 9.45645381236e-32 1.14702547198e-27 0.999891015038
Doc #41: 1.0 5.30201825863e-15 7.39916277918e-21 6.07262060647e-20 1.40850235257e-15 2.57891946882e-29 1.34376105486e-19 6.77083173061e-20 7.38086076736e-16 3.03441520779e-22
Doc #42: 4.67377104185e-24 5.43849618953e-27 1.43627253481e-20 2.97827158783e-35 3.46187945482e-19 3.5866224625e-35 2.1681324339e-36 2.87304989948e-19 2.76822051918e-13 1.0
Doc #43: 1.25915536863e-16 0.625954690655 5.90874409174e-09 8.66251055161e-07 1.95216515806e-17 0.216491532153 7.22813272662e-11 0.144644551333 4.05772579599e-06 0.0129042959016
Doc #44: 3.08832273657e-05 0.000692687443224 2.01696194618e-13 0.929385940482 8.40752405451e-16 0.00039080124408 4.61363859938e-16 1.79323354467e-13 2.40690292145e-20 0.0694996876027
Doc #45: 6.44133194638e-18 1.53257366354e-17 3.09938650657e-12 2.6251837497e-15 6.89340894996e-14 6.15476584277e-08 0.999999938449 1.59815359217e-18 6.13098486484e-18 1.83920046917e-16
Doc #46: 1.74193933328e-13 1.14919124026e-09 4.4970451452e-14 4.3309327297e-09 3.45429356189e-15 0.98990009335 4.55743506373e-05 0.0098798785546 1.98416522703e-17 0.000174448264705
Doc #47: 9.71170059545e-13 5.78602691061e-05 4.46982040513e-18 1.17787358908e-06 2.22230635358e-23 6.6039355923e-14 1.54926496343e-21 0.999828258576 0.000112703278518 1.97128165671e-12
Doc #48: 2.62614252739e-28 9.64854944941e-19 2.56346123604e-20 3.51267107645e-08 5.19878799815e-26 0.999999964472 1.41925495457e-19 4.01244052821e-10 1.4284746792e-13 2.71441422554e-13
Doc #49: 1.28850963626e-16 5.42896719492e-07 3.40190571982e-11 0.115013931525 2.09368523812e-16 0.884985525067 1.10745272402e-13 7.48282367503e-12 4.69506580226e-10 9.14250551366e-18
Doc #50: 6.12096146634e-14 1.41357208071e-07 5.72211890758e-18 0.999945517715 5.07632518642e-10 2.28239676411e-10 1.21551410881e-10 8.28438530545e-18 4.4141477789e-15 5.43400698799e-05
Doc #51: 4.20186065775e-11 0.451529113263 0.262867380405 0.00129683315302 2.92560278062e-15 0.109330036303 0.0518409249481 3.81827400361e-16 5.95700575732e-15 0.123135711886
Doc #52: 5.16539546353e-21 2.88177222141e-26 5.56128532587e-21 1.35540634653e-16 8.18886372138e-33 1.82560416138e-19 2.24895342196e-25 0.999999999999 1.71739219647e-32 5.113531233e-13
Doc #53: 0.0356878849294 0.454888738911 6.78948834793e-09 0.16830064075 0.0670840974958 2.64109290663e-12 3.02107915992e-09 0.0578687674299 5.57321384861e-07 0.216169303349
Doc #54: 3.18300473147e-22 7.13899740148e-17 8.3292428218e-21 1.66271672035e-14 8.84748645575e-22 0.999999999998 5.18946340366e-14 2.97472493555e-19 1.14155926054e-31 1.8566314303e-12
Doc #55: 5.12359902647e-21 1.31912659424e-25 2.6115122142e-22 5.92346410089e-17 1.41168911884e-32 2.54784279729e-19 1.40776016344e-25 1.0 9.65859337722e-34 4.89865072586e-13
Doc #56: 1.16658450393e-11 0.00177788524124 2.39915394713e-19 3.22461962352e-16 1.5654403055e-05 1.84206028005e-08 0.984251362265 0.0137767399322 1.22554623402e-15 0.000178339726099
Doc #57: 1.66204153711e-13 2.01183601641e-15 4.03998142805e-15 1.62764089819e-14 4.88015669273e-17 9.21148107316e-12 5.09303340155e-16 2.21360236333e-10 7.52695626128e-20 0.999999999769
Doc #58: 1.83524405587e-11 2.14220793162e-09 2.62720000842e-20 5.42514670174e-13 5.64143344484e-17 5.39408297742e-15 1.23210346055e-14 1.98053496894e-08 3.31513086806e-20 0.999999978034
Doc #59: 0.00319853783687 0.882784640452 1.92425369935e-16 1.2916601547e-05 6.11652190028e-05 3.11911506269e-07 1.98103868434e-05 1.8188857339e-07 3.45309247281e-17 0.113922435703
Doc #60: 2.13392724287e-06 8.13875707105e-05 0.0144040115808 1.20449625367e-07 0.000371316866001 5.43311441013e-05 2.60450257235e-12 8.44007644569e-05 0.42772314437 0.557279153325
Doc #61: 3.95920989023e-16 2.98323472686e-08 7.27207887908e-19 2.53105254901e-10 2.46224921818e-11 6.45675495996e-12 2.34486627311e-09 0.999881570214 4.56673089883e-14 0.000118397324988
Doc #62: 0.340435681976 2.79657961649e-07 0.513499090008 2.96875400993e-14 0.13598908395 4.56716424547e-06 6.32452170496e-09 3.56301421274e-16 0.0100712909187 4.16330786167e-25
Doc #63: 0.648773681473 0.282525110385 4.76584822373e-10 1.12312287471e-13 0.0661450824699 1.08309457192e-25 7.79142843088e-27 5.49603349432e-17 0.00255612519481 3.06021354906e-17
Doc #64: 9.48805213601e-38 1.93809487466e-34 1.4467829337e-34 8.33161507288e-35 4.54460401519e-38 4.08864820669e-41 1.0 1.38004930918e-31 1.43759841584e-35 3.49762565232e-38
Doc #65: 5.14667165807e-06 0.570204822653 2.01464246461e-08 0.343910562158 0.0797647788928 2.84389927991e-11 0.0059388173558 0.000175852083953 1.05533252083e-11 8.09714741962e-20
Doc #66: 0.999999999983 1.0732773357e-13 9.26624110079e-12 8.40657881407e-20 7.59270117833e-12 3.2528226235e-28 1.01965368347e-20 2.74977526867e-20 1.62798126755e-15 3.68618851487e-18
Doc #67: 6.50567880887e-10 0.130025432188 3.38302846464e-06 0.459915765987 1.60023364103e-16 0.407511931929 8.18269261598e-13 4.1258369528e-07 0.00254254150747 5.321256515e-07
Doc #68: 8.94251738253e-38 7.35733978289e-35 5.29589083929e-37 1.36235974185e-34 6.80092247197e-39 1.69755388404e-41 1.0 4.10633392037e-35 3.81238366731e-40 5.41054298899e-37
Doc #69: 3.97964884139e-20 1.0037037671e-18 1.11606544321e-06 9.42424027129e-19 2.52334215417e-20 3.89073927113e-16 9.77161690088e-24 6.66283225467e-15 2.37732488669e-13 0.999998883934
Doc #70: 1.56713941446e-10 1.83996049663e-12 1.46599395075e-12 1.06632164051e-12 5.91861571146e-10 8.23984406065e-07 0.0529228127272 0.000310950891654 0.94676538985 2.17933038255e-08
Doc #71: 3.68705636793e-07 2.05787974205e-07 4.89979134404e-16 2.09875891503e-18 8.10425171665e-10 3.88365903808e-15 0.9999994186 6.09554096055e-09 8.6838568864e-14 3.79138312654e-16
Doc #72: 5.89007935026e-12 0.095174725078 1.30209216328e-06 0.118592753866 1.32943914804e-07 0.0202936088236 4.56788415224e-05 0.322397340369 0.308784409303 0.134710048676
Doc #73: 1.81790879445e-21 7.16022736214e-19 1.29404165972e-25 7.3889669071e-17 9.31173515764e-14 2.51482962756e-34 7.18022359959e-23 2.91265621052e-29 1.0 6.86160892568e-15
Doc #74: 1.04947900097e-05 2.17109123467e-07 4.07261255846e-13 0.276360935812 3.4411706795e-05 1.6763699492e-13 4.00264714492e-05 0.297240354342 0.406282699062 0.020030860707
Doc #75: 1.23940093331e-37 5.91682162377e-36 1.54347272318e-36 1.30183681867e-34 7.3554251762e-40 1.21924598172e-41 1.0 6.19226433355e-35 9.39585081539e-40 2.81625584643e-36
Doc #76: 1.77120124397e-14 0.000326865659551 5.46204277941e-16 0.904233844635 2.82205222615e-19 0.012894048871 2.44584155942e-14 1.83415631183e-09 7.58849535089e-20 0.0825452390005
Doc #77: 1.39075473048e-14 0.721882676869 1.89856705171e-11 0.0496685878915 7.22367074926e-21 1.60815289698e-08 1.38603459051e-07 1.41154239193e-10 8.6109556498e-12 0.228448580386
Doc #78: 4.38655405909e-20 9.2314847803e-09 3.88219392041e-14 0.999999990039 2.11782541576e-22 3.00281429607e-11 1.32531053704e-11 6.62612461287e-10 8.41262815432e-17 2.33770389639e-11
Doc #79: 3.54007073733e-18 0.241666475859 4.23891312083e-12 0.758205141892 7.30442314356e-20 0.000127861949693 3.12652107221e-09 1.19683271489e-18 4.40925689662e-24 5.17168168807e-07
Doc #80: 1.10040535248e-14 1.23775193862e-16 1.25365258215e-15 1.34310835646e-11 8.74436822718e-15 1.87091862676e-19 0.999999973541 2.6445982745e-08 3.34252424755e-14 6.30200710676e-17
Doc #81: 2.8232689869e-05 8.96399512876e-10 2.0750066115e-12 3.22193935696e-09 1.93154261533e-10 0.109704124997 4.56564806396e-20 0.889780263738 0.000487374261681 3.37833701648e-17
Doc #82: 2.5318220285e-17 5.30963606835e-17 0.000486295548705 7.82948826494e-09 3.44453515645e-06 4.40744344363e-10 1.04818448981e-10 0.000754832316062 2.53014198824e-16 0.998755419225
Doc #83: 3.02327061437e-15 4.20237078219e-12 6.86046148855e-18 0.988397406162 9.90619296417e-14 4.02039402435e-19 8.12099927309e-15 0.0115533734586 4.92175164663e-05 2.85906827093e-09
Doc #84: 1.66909500821e-13 7.39310587705e-11 0.0543666204161 1.29198764005e-12 1.17367648676e-11 0.945632278487 7.84934877536e-13 1.1010079299e-06 8.28068585389e-15 1.14019510542e-12
Doc #85: 3.00404096216e-18 0.973141910781 6.99047014701e-17 1.53927865569e-07 3.33157808588e-21 1.30488094824e-21 3.65160383509e-08 6.49015317113e-10 1.65367091759e-20 0.0268578981259
Doc #86: 0.999999999987 5.87404559292e-16 1.40053718386e-14 3.71098589163e-26 2.55723971294e-31 2.71041502429e-25 1.74489447714e-29 3.3117859071e-24 1.93239440845e-21 1.32280047701e-11
Doc #87: 0.00590518491521 5.38607102903e-11 0.000533318284199 1.86397422097e-15 0.0219862509724 1.20759379003e-18 5.40087186862e-05 1.38155700143e-13 0.745681037105 0.22584019995
Doc #88: 0.18209926472 3.72875744947e-22 1.73949987113e-31 2.49543602183e-29 0.817900735271 3.87509331642e-43 2.5148198343e-20 6.48514170566e-26 7.84062103518e-31 8.87098611151e-12
Doc #89: 5.08839152396e-11 2.72387284938e-37 9.0709699791e-22 6.95380867504e-26 4.32270003352e-14 1.29722490211e-38 1.03116438346e-34 8.62766328113e-35 9.62438793572e-17 0.999999999949
Doc #90: 0.707796626331 8.16169806514e-22 5.70027207727e-26 2.96145438612e-24 0.292203370903 8.2206584421e-32 4.49492001254e-19 2.34678008171e-18 2.7662355313e-09 2.38058940959e-22
Doc #91: 3.50868278534e-07 6.13050071232e-09 5.81551991449e-11 4.14078387702e-10 0.0180567975841 1.04843799474e-12 2.12354126232e-16 0.981940431608 2.34986848702e-08 2.38983740445e-06
Doc #92: 3.9445570911e-23 1.49361748172e-26 4.34636418976e-17 2.64022253262e-32 3.36959948394e-16 7.83111291643e-36 7.22705367202e-34 8.33340204218e-19 4.67703277818e-15 1.0
Doc #93: 7.36211060948e-24 4.62994431107e-15 2.81536331245e-11 2.24101976279e-25 9.76645848638e-14 2.67030800031e-33 7.12545316811e-24 9.82060884957e-27 5.53406423088e-10 0.999999999418
Doc #94: 5.52562278421e-08 5.14868334904e-24 5.81710790021e-16 7.01991444693e-27 1.47263022575e-12 1.03297946957e-21 5.37996990989e-31 0.999999944742 1.87247988524e-21 5.88743355872e-32
Doc #95: 1.39324540888e-16 1.70981270352e-21 3.00525422116e-29 2.44805150182e-27 1.50698746929e-15 8.32476904424e-32 8.66572921463e-22 1.14192441349e-24 1.0 8.6237738285e-26
Doc #96: 2.71367029277e-30 1.09213040715e-25 3.53052820354e-28 8.74892356334e-15 4.72593212018e-31 3.62415024183e-27 0.999999926287 7.3713065761e-08 3.03349501883e-24 1.41356167179e-23
Doc #97: 4.50641413597e-07 8.87469627832e-10 4.25576798622e-08 6.61383382673e-11 0.0145018814451 7.69747459759e-22 2.00169157681e-16 0.985497624402 3.62867915922e-16 5.34241936621e-14
Doc #98: 0.84417441945 1.91191944888e-13 1.01671778647e-25 9.19373832289e-24 0.155825579437 3.40331477361e-29 1.10358547973e-27 3.83647894574e-19 1.1133132149e-09 1.33767747034e-30
Doc #99: 0.312511095813 0.0278845984615 1.0390454627e-13 0.538638307331 5.1629115071e-14 0.000642781968245 1.67725588223e-07 0.117171240565 1.81178314169e-09 0.00315180632368
Doc #100: 0.999999999993 2.00647220948e-18 2.85633745264e-15 5.08114080992e-27 1.41139107374e-32 8.66199987962e-24 6.09111983747e-28 7.90292167304e-26 2.14500294385e-26 6.50804590989e-12
Doc #101: 1.49133650907e-35 5.94798852686e-19 7.97679730839e-09 2.76209404538e-25 8.96164838702e-22 7.27267858477e-33 4.65825919286e-28 1.99561270072e-33 1.33076130297e-20 0.999999992023
Doc #102: 0.000735370213033 3.92299594105e-05 0.545232147185 0.281816620478 9.68670461365e-05 0.0379224335375 7.5148299943e-06 0.0850080200307 0.00177125563074 0.0473705410893
Doc #103: 6.03781136387e-12 4.38579197149e-23 2.83914643371e-18 4.24185493192e-18 0.999999992456 1.8589658359e-20 1.40133650189e-21 7.53809058025e-09 2.12894879694e-17 2.91941250859e-20
Doc #104: 5.44293755793e-12 2.04633001922e-19 1.95658424304e-16 5.20751440546e-13 7.70903319865e-20 4.29242560254e-17 2.05579706289e-05 1.77052344956e-16 2.3927322373e-18 0.999979442023
Doc #105: 0.201702183122 8.64399092209e-22 1.69110286175e-32 3.36344730031e-36 0.798297816731 4.17322147155e-44 4.74363555973e-27 5.41284423094e-28 3.79515108195e-34 1.47038547156e-10
Doc #106: 2.52674437457e-11 2.11810062019e-35 6.49705089975e-26 9.84364136379e-26 5.03001103037e-16 7.09063844236e-43 2.46540719517e-34 6.23901003438e-37 1.29057219633e-14 0.999999999975
Doc #107: 2.05763229166e-09 5.98832805003e-07 3.54516018564e-09 1.59488827665e-08 0.519242379671 1.16517960652e-14 0.0661287740438 0.414626897978 1.32791658169e-06 6.24317210597e-12
Doc #108: 0.0209619871656 8.85833471299e-23 2.76826253807e-19 6.86094452763e-15 1.26991941866e-25 0.979038012834 1.72674805199e-17 1.96606895634e-15 6.9658446818e-20 1.60052939079e-27
Doc #109: 6.4257466933e-10 1.49689753613e-07 3.95877304279e-05 6.16351882833e-08 2.0853920181e-12 2.81406909247e-09 0.999960180727 5.612715339e-20 1.42945675604e-18 1.67592456721e-08
Doc #110: 1.1021449238e-10 7.35487852187e-14 4.35437500273e-08 4.57332833737e-05 0.0224552633804 3.12080550534e-08 1.10905798901e-11 1.0683545385e-05 1.4957128918e-08 0.977488229961
Doc #111: 0.176483782755 0.00323423674361 0.161928623219 1.6084869491e-05 0.0110473944657 4.59511777531e-12 0.294271739028 2.25254002696e-10 0.163432193786 0.189585944904
Doc #112: 2.40654560226e-24 0.194950289356 8.20536404986e-05 0.500816943556 0.161706876581 2.80112270989e-10 1.58013349869e-16 1.72268565274e-10 4.21246194272e-22 0.142443836413
Doc #113: 5.39132725521e-12 0.999921330739 6.01328215796e-08 2.44155197472e-14 1.86748345796e-06 1.4366139566e-16 3.32971305353e-09 7.67049428102e-05 7.03202199804e-15 3.33669220665e-08
Doc #114: 2.24436979806e-10 2.8031229167e-16 5.32086812615e-19 5.70902749274e-07 1.49803923864e-20 2.55964749264e-23 0.737207731587 0.262791697286 3.27148813516e-18 1.38752028782e-15
Doc #115: 0.975234510792 2.0878458743e-10 0.0101832846039 3.48533773313e-11 7.81434735027e-19 1.5902314156e-11 0.0120430924349 8.1021826193e-14 2.93099759839e-17 0.00253911190962
Doc #116: 4.4302145902e-14 9.19048961656e-19 1.51978440093e-17 4.19910302472e-13 1.07209388191e-13 3.34605208994e-18 3.46205168662e-15 6.0231742862e-21 1.41523450955e-23 0.999999999999
Doc #117: 1.44271348419e-19 9.9142226544e-12 9.93316267761e-15 8.63824689227e-08 1.18137822722e-21 0.790306726202 1.05942080629e-09 0.209693183056 9.7244442688e-16 3.28962259843e-09
Doc #118: 1.95471827761e-30 1.04124815747e-15 3.24045841466e-21 4.07128928701e-18 1.1199526947e-24 1.13741235461e-17 9.83925259475e-18 1.15400852309e-18 1.17386386861e-25 1.0
Doc #119: 5.2940281854e-20 3.73474076325e-17 4.81313581166e-18 5.68275262052e-05 8.76485542393e-27 2.49299762114e-12 2.02480496258e-11 2.4487876448e-14 0.999943171534 9.17063726169e-10
Doc #120: 8.30562160699e-05 0.00258669130879 4.59955799957e-06 1.05108542497e-07 0.00724080945181 0.960892797323 0.0285156294979 2.17427716077e-12 4.46265915692e-08 0.000676266907229
Doc #121: 0.497377861659 5.89915843919e-14 4.17149862336e-18 7.18562392997e-21 5.0956783486e-07 0.4856117719 1.29252678099e-09 0.0170098555812 5.46194965975e-15 4.52232695254e-16
Doc #122: 0.999999999999 2.32288652071e-17 1.05171047899e-16 2.603932576e-13 1.70958006417e-30 2.96630359358e-13 9.64570406793e-24 4.54109612542e-18 4.15567734464e-21 3.89890841999e-14
Doc #123: 1.32528179878e-10 6.55228340073e-06 1.83817884497e-09 6.68915724762e-10 2.82415386533e-06 2.5521109084e-16 5.90568094448e-15 1.04623767794e-07 0.846416575837 0.153573940462
Doc #124: 0.448187811781 1.44405225405e-09 6.72857331454e-15 4.7865400204e-17 4.21383159284e-05 0.551769640007 4.07670921432e-07 3.89930757331e-13 2.17584433756e-12 7.78543389635e-10
Doc #125: 0.132527709862 0.084533435638 4.48915962106e-15 2.17890814847e-10 1.33960606807e-13 1.01571271698e-21 2.27328958029e-07 2.83074265614e-12 2.99189589954e-07 0.782938327761
Doc #126: 5.22017933244e-12 5.41087415137e-13 0.540427788014 1.0894383489e-20 0.118553610842 1.11459025231e-20 8.3082183168e-14 1.65781660828e-12 2.76179377602e-14 0.341018601137
Doc #127: 4.71769408358e-18 3.26925777394e-20 3.17413286762e-16 1.80543284196e-14 1.17239844717e-25 1.0 1.86584854106e-19 5.67336210807e-20 3.5143970647e-17 4.36023172627e-16
Doc #128: 1.32211317672e-08 4.68075902727e-30 4.47835244895e-35 1.42518144035e-37 0.999999986779 4.94902247672e-38 2.66706515299e-26 1.1658100359e-30 1.31471868191e-29 1.15419298903e-34
Doc #129: 6.04498307407e-05 0.294259498085 7.71167062743e-10 0.448488721613 6.38170038787e-12 1.13254303165e-07 1.55204543108e-08 3.2127203386e-08 0.257191156831 1.19610610107e-08
Doc #130: 1.5034425915e-17 2.44968762569e-08 2.52210791213e-14 0.41481722668 2.63791834126e-23 1.21486393028e-11 4.80450585241e-10 0.583699808789 8.1942483731e-15 0.00148293954101
Doc #131: 5.0040187053e-24 2.71269115611e-17 3.89738925214e-16 8.59809203997e-09 5.44562954541e-25 7.35184793082e-13 3.35509723688e-14 6.49211284339e-14 0.999999991401 1.35238984621e-17
Doc #132: 1.00141410284e-05 1.65013200856e-07 0.234285178392 0.564804151654 6.57517739972e-25 6.81733896896e-08 5.37466510008e-07 0.139121335532 0.000913882652372 0.0608646669761
Doc #133: 0.485397203277 1.30395246757e-12 3.60465168937e-09 0.0323773781162 7.06477982575e-07 1.61989030693e-08 7.09118925452e-13 0.482221778076 2.90539560256e-06 8.85164467415e-09
Doc #134: 6.96757188705e-11 1.36062469006e-13 3.43504102869e-12 2.7039042201e-18 0.999944731915 4.55469401489e-27 6.29756552335e-18 5.52680118271e-05 1.27254969205e-18 5.39194044792e-25
Doc #135: 2.82254240275e-05 9.16903764201e-10 3.0869389738e-11 2.20485602777e-09 8.80654206108e-10 0.109704129651 1.15724078373e-19 0.889780268174 0.000487372717756 5.78021270113e-17
Doc #136: 1.04042423365e-08 1.43773944047e-29 3.44203798158e-35 1.68425357655e-38 0.999999989596 2.77776786001e-38 1.4756165702e-27 3.41824207929e-30 8.63579719926e-30 3.66141940364e-35
Doc #137: 3.74487661112e-20 8.63479390831e-11 9.61469135676e-09 5.02567048953e-11 5.07490254467e-16 1.61369334339e-12 5.2512661535e-10 0.999990049713 3.4300967937e-23 9.9400088199e-06
Doc #138: 0.999977026403 1.24705453116e-11 4.45834763766e-10 4.62173850237e-15 1.86937967718e-16 1.26008477821e-10 2.19933319879e-05 1.06814231908e-18 8.94383539011e-18 9.79680688394e-07
Doc #139: 7.21060066534e-21 1.39180084108e-27 7.2020331697e-25 8.34272135435e-33 1.0 2.02263698934e-23 7.51698322958e-20 4.39817819932e-24 8.02284318441e-25 2.69516923608e-21
Doc #140: 4.77659588681e-23 9.58797327038e-25 0.275063409504 1.70858607899e-28 0.724936590496 5.27514374406e-26 9.69498304435e-25 2.61003859737e-22 2.12789163075e-30 1.58999023711e-19
Doc #141: 0.000932337790392 3.41363475654e-07 6.19544404427e-08 0.554791143604 0.444276107423 3.26751758774e-17 1.45242474536e-15 6.56099631488e-19 7.8645505688e-09 5.31600548433e-16
Doc #142: 0.337408648974 2.12463466802e-09 8.71498729565e-05 3.56713585999e-10 3.33357127249e-15 6.03510145146e-21 2.31640341759e-23 4.18521393122e-14 1.3325870891e-18 0.662504198672
Doc #143: 0.246589659645 0.0229331298218 0.00402672584656 2.20694892849e-11 5.09704780666e-10 2.20864130527e-10 1.25401166307e-10 7.06389348192e-24 1.7250281033e-13 0.726450483809
Doc #144: 4.60211779038e-20 1.05981807495e-15 2.68120539494e-17 1.73714006593e-30 1.07960654698e-18 5.09703103212e-41 5.11352492748e-29 3.1377118372e-33 1.42936096902e-29 1.0
Doc #145: 1.53449058157e-27 1.11543533241e-10 7.14530759722e-19 2.24021691028e-12 3.39773223744e-41 1.32971636329e-11 0.923898535923 4.52291524114e-22 7.22729708146e-30 0.0761014639501
Doc #146: 0.21888660165 1.00650451723e-09 6.00038097015e-07 0.444068769425 0.3370294112 1.38258688028e-17 9.80566442257e-13 2.40582206276e-17 1.45749604072e-05 4.17194398815e-08
Doc #147: 1.02165300961e-14 2.72819997894e-12 0.280877066663 6.06265601866e-08 0.719114575504 5.07490588515e-20 4.71511109528e-13 7.95627161346e-08 3.76190462682e-13 8.21764055924e-06
Doc #148: 1.41394192791e-05 1.20688340483e-10 0.000121333006975 3.65154647271e-10 2.79142426286e-07 0.999862213029 1.96039771546e-06 3.51834270942e-10 7.41670659918e-08 2.92598769957e-15
Doc #149: 0.893441046751 2.10492386739e-05 7.72194042105e-10 1.69668056674e-11 0.093908193783 4.34255297053e-13 1.48810906275e-09 6.3591447012e-23 5.59525183329e-15 0.0126297079501
Doc #150: 1.65218286174e-12 3.47583090813e-09 6.94936516122e-06 7.18904169993e-10 1.52664885529e-07 4.57577567882e-10 1.65085365505e-12 1.70880843631e-08 2.76518352591e-09 0.999992873461
Doc #151: 2.20420917064e-21 3.23883852378e-20 5.40381241735e-15 2.44702526353e-22 1.09412963622e-26 9.72959397632e-29 1.53731156188e-24 5.60789445716e-37 3.93879848518e-30 1.0
Doc #152: 1.01881365098e-06 1.72910802166e-09 0.0654190912008 0.0239020425614 1.15709676776e-19 0.84186457198 4.1354126577e-18 0.0688132735881 2.45320476832e-19 1.27035062e-10
Doc #153: 0.745064961823 3.68238215417e-10 3.4740901179e-11 3.75056304423e-13 3.25849653707e-07 0.254918065903 6.63192863379e-14 3.21214346327e-18 1.66460209133e-05 3.69860158924e-17
Doc #154: 9.77180064299e-19 3.71827452873e-11 2.2775694116e-13 2.70927435773e-09 5.36755326082e-20 3.18184304202e-09 2.64135086236e-08 8.72250393492e-09 0.999994607624 5.35131186701e-06
Doc #155: 9.61340331663e-08 1.08885116223e-21 3.55006822114e-23 6.91118981976e-32 0.999999903866 1.92793012346e-28 5.57177343199e-23 5.90182992902e-26 4.53226999737e-24 6.51217354918e-30
Doc #156: 2.72762240249e-12 5.32425849851e-09 8.95768187188e-15 5.87008664979e-13 1.71218395071e-11 0.999458274934 1.08980632257e-05 3.52225312224e-09 2.32752788473e-17 0.000530818136266
Doc #157: 4.66257901278e-05 8.49145012981e-08 1.12951032261e-07 3.44630060734e-11 5.52493569255e-08 1.08183429592e-05 9.59585141587e-14 2.52786368594e-06 0.999939612731 1.62122642939e-07
Doc #158: 5.17784335591e-15 4.3146645239e-10 0.0140661016652 1.09796338403e-16 1.30181657156e-21 1.44237373924e-32 1.15924507664e-26 2.17705165238e-20 9.79852244916e-17 0.985933897903
Doc #159: 0.0216422475711 5.41971274515e-12 8.89436599711e-17 1.71526819434e-08 1.91037398271e-22 0.978357700504 2.81218004265e-08 5.22003362959e-09 3.78699900908e-15 1.42509688767e-09
Doc #160: 2.01073539863e-09 1.27904530005e-11 0.350748142233 8.39468505177e-13 0.6492518557 5.89783955939e-27 2.22665266709e-14 3.78019242706e-11 5.3873049829e-13 4.86163465521e-12
Doc #161: 0.999999581352 3.45769588692e-14 5.07883740038e-08 3.73064368956e-14 1.38567273654e-13 1.28525829347e-08 1.62574961698e-09 4.02657791586e-13 2.01762371443e-21 3.53380514852e-07
Doc #162: 0.991159818857 2.77433856264e-13 6.85637059104e-12 1.91209923181e-11 0.00883994149108 1.0841742524e-20 5.0587858071e-13 5.63603076175e-12 2.19521052283e-07 2.00983872139e-08
Doc #163: 0.297655427507 8.67739858339e-13 0.000134167454868 0.00355423341237 3.37062517887e-16 1.10087291205e-20 9.99786491229e-24 1.71790585997e-19 1.95735652504e-11 0.698656171605
Doc #164: 4.03435500036e-25 1.86852511165e-22 2.327824632e-19 3.23277200847e-37 7.85323174804e-22 3.87324057852e-47 7.34479450914e-22 1.8828843027e-36 2.28469578037e-31 1.0
Doc #165: 2.77706437222e-09 7.01735005719e-20 0.507213093037 2.72517559134e-24 2.1193538795e-06 0.492784784832 5.30641630231e-13 7.52288827115e-18 5.92923298506e-20 3.88609737127e-16
Doc #166: 0.999966876333 3.56836430743e-08 2.74073134861e-16 7.77725695241e-20 1.08549523037e-07 9.89559579576e-30 2.05442768175e-21 3.19270774153e-18 3.29794335613e-05 3.9505574093e-18
Doc #167: 1.08903123455e-09 4.3984942912e-15 9.40765832582e-25 1.96963919888e-16 1.21445232193e-17 0.999999897195 1.34095469536e-25 1.01710968575e-07 5.19964728943e-12 2.91328801272e-21
Doc #168: 8.6150652042e-21 0.305423455719 6.17156953867e-21 1.30777469258e-21 6.63663866327e-38 0.694538371008 3.81732733856e-05 6.94301362139e-28 9.05346676802e-36 1.79667911166e-18
Doc #169: 6.34957962866e-16 0.000346280841667 2.64908739517e-06 0.00325613391433 2.38263594815e-17 0.184616361363 0.750818096433 3.97070585676e-11 2.83576813888e-15 0.0609604783207
Doc #170: 2.8646199463e-31 4.43437578765e-18 6.57823903392e-27 2.92846837556e-23 9.55106212864e-29 2.04801979263e-24 8.9712544358e-22 1.89321309792e-23 8.92308910273e-27 1.0
Doc #171: 2.14952827896e-13 0.00116015795191 1.16109769139e-12 0.902125514453 0.00018708783776 9.80021348197e-16 0.0576316642575 2.69172176493e-13 0.0388247121987 7.08632992053e-05
Doc #172: 3.15372664352e-18 7.25705982053e-15 8.59866372397e-09 4.84172241318e-05 4.8875554731e-26 6.69796204894e-12 1.19032655374e-11 2.68851554371e-10 3.17540510977e-21 0.99995157389
Doc #173: 7.08956920087e-10 2.7616435708e-05 2.82324383004e-13 0.0039749366467 4.70193366344e-12 2.90136963025e-11 0.719858777829 2.42395422173e-07 0.27613842595 2.09846112034e-15
Doc #174: 2.76353332274e-08 1.7508601161e-07 0.733187993119 3.26038133317e-08 0.00131104943046 5.32482048316e-15 0.264673691575 0.00079874274012 2.82877938659e-05 1.69466107429e-11
Doc #175: 0.01762868238 0.089603212236 0.00146854578676 0.0126744691167 4.69829751329e-08 0.184353699739 0.40600598286 0.232809404225 0.0554559555104 1.16329274564e-09
Doc #176: 3.00228224727e-15 6.25210491982e-05 2.34989306504e-09 1.17387517766e-09 0.331944543091 1.20477683474e-09 0.025466525757 0.493642379232 0.148884026142 1.44119742294e-17
Doc #177: 0.538228221002 0.0136442829997 1.97261452255e-13 0.0298388376284 4.13156666046e-11 4.61052112089e-11 0.165115021621 1.7429791133e-08 0.253172384759 1.23447247838e-06
Doc #178: 2.96272208728e-18 4.1495165712e-28 1.43349739208e-27 5.50129266284e-23 9.22761386462e-14 8.53659523097e-12 1.26537513196e-21 5.93938160917e-14 0.999999999991 3.42132481959e-35
Doc #179: 0.252762864704 0.0402064629143 0.369619734292 0.000806029417642 0.174304320219 1.37800939604e-13 1.70357452043e-16 7.89868673736e-14 3.47606683936e-09 0.162300584977
Doc #180: 6.42302992861e-09 1.47977304418e-21 1.39989489613e-28 7.0869933458e-38 0.999999993577 3.29979682864e-30 1.80851116425e-22 1.04114702484e-24 4.10265481571e-27 4.7570670745e-25
Doc #181: 7.02094873746e-11 2.44501945381e-14 3.6238463656e-13 7.55334245922e-10 6.37716499808e-09 5.9061690805e-15 1.97539542282e-14 0.999999992722 7.4873246902e-11 1.95515296722e-19
Doc #182: 0.446879074547 0.0539969078786 0.0881875225962 4.81269426713e-10 0.0421192010326 8.34774745248e-18 1.38853138178e-25 3.91119330769e-12 4.4245713318e-26 0.368817293461
Doc #183: 0.999999999999 1.41274018628e-27 4.65544529461e-28 2.97375500486e-23 1.93176959725e-19 3.09954013165e-22 3.21291990245e-25 2.89567295879e-15 1.39558096946e-12 1.63311882989e-28
Doc #184: 1.23732461724e-19 5.99354725125e-23 7.50296422061e-26 4.96010765335e-27 2.49143734635e-21 1.92274333635e-21 3.19520936084e-29 1.9895683523e-15 1.0 2.98258472549e-39
Doc #185: 1.19891673157e-18 9.2835491553e-22 3.50057930653e-25 1.99339098349e-21 7.13542136664e-26 4.16439286669e-20 5.12291606325e-21 1.1398296989e-12 0.999999999999 4.92554797909e-38
Doc #186: 3.53186962902e-18 2.52526854591e-26 4.65539309824e-27 1.64927324782e-31 1.20637253795e-31 1.06098177233e-19 5.26415623192e-21 1.67251999298e-15 1.0 5.10105687445e-39
Doc #187: 2.76684139987e-06 0.0184952361692 0.019422607291 5.91255165739e-12 2.22961177791e-17 8.60332528403e-18 1.26804771702e-15 0.899041269012 0.0630381206807 8.02118884307e-15
Doc #188: 0.444240349186 2.89531736665e-09 7.45857494838e-13 1.01860611173e-07 3.99089759397e-17 2.27678767003e-09 1.49031906879e-13 0.229023575015 0.326735968765 1.20841653198e-18
Doc #189: 0.0398521653409 5.36888315101e-06 1.73017339676e-14 1.16334741404e-10 1.75993369917e-16 1.98411611594e-12 7.00619105395e-09 0.338228109468 0.621914348687 4.95877728972e-10
Doc #190: 0.000272773336446 4.16441150153e-07 4.9226693988e-08 0.965893643591 3.33412235234e-14 0.0338331168316 1.40167553055e-14 3.87269368939e-10 2.74710268551e-11 1.58641269871e-10
Doc #191: 3.29863109597e-18 1.76304589277e-17 0.999854285054 1.58162649179e-14 0.000145714779958 7.8384009128e-20 2.16182365184e-12 2.50953242473e-13 1.63741455519e-10 1.80875305224e-15
Doc #192: 0.392160060548 1.29606239458e-10 3.1422986839e-05 0.309074414627 0.298039358603 3.42638366945e-15 5.86398407967e-09 9.95687367225e-12 4.42549662865e-10 0.000694736788926
Doc #193: 1.86153214271e-17 4.59681179459e-16 0.797485269755 3.90491695554e-15 2.6201666336e-19 2.77167403789e-16 2.02606945818e-22 5.19014477315e-19 0.202514730244 2.94120729216e-13
Doc #194: 3.00583783939e-16 3.7125131094e-22 1.65933765685e-16 4.14109951098e-35 0.367011838698 4.81061227681e-26 0.00105100543958 5.57989267469e-22 4.82440839649e-19 0.631937155863
Doc #195: 8.06131538469e-14 7.96252123909e-17 6.3002657474e-20 0.999999735377 2.64560149228e-07 1.40863006066e-19 6.23955892141e-11 2.28739633174e-13 4.91398835789e-14 1.1624856629e-17
Doc #196: 4.68303584935e-20 2.05054866098e-29 1.64241783741e-29 7.06476569959e-34 1.0 3.28146646681e-35 1.33562085808e-19 3.20630862562e-26 1.4352067468e-30 7.28028451312e-27
Doc #197: 0.279753081218 0.244440973675 1.22093379154e-12 0.000191206134118 4.3484228041e-22 0.26492537791 0.074564147883 1.37948176008e-12 4.78855625381e-17 0.136125213177
Doc #198: 4.18104966496e-18 6.40322061592e-20 1.11298253389e-21 2.06574445736e-29 0.255868824366 5.78489366556e-28 0.000339775813202 1.59128089541e-23 2.20875218561e-19 0.743791399821
Doc #199: 1.62488977447e-12 1.24893205859e-08 4.23055932795e-10 2.5622270572e-11 0.0109412469331 0.989058740051 2.36562129193e-11 1.7833332462e-18 2.36187904147e-14 5.28392066247e-11
Doc #200: 3.55340902846e-07 4.07066995257e-08 4.64665217674e-09 1.41550352913e-08 1.86229823303e-14 0.99999710231 2.02722379693e-06 9.45224533696e-09 4.46164725249e-07 2.19955457872e-14
Doc #201: 2.96445310371e-15 1.08413832266e-20 8.66809135943e-20 7.11825348654e-24 0.999999999999 1.27344566437e-24 1.09120145447e-12 1.80417595182e-17 1.45358872629e-24 5.20948883366e-23
Doc #202: 1.28276240584e-15 2.77706483671e-12 2.14540338298e-08 0.0428617162316 7.19065976384e-09 2.03895956678e-08 1.87288171719e-08 0.0931218084729 0.0133245987662 0.850691808763
Doc #203: 1.11294610681e-21 2.22200316167e-17 6.44217845979e-17 2.49514897695e-17 4.47388293589e-20 0.057022332771 0.908209776238 0.0347678909787 8.15599162504e-12 4.09404621813e-12
Doc #204: 2.60636326434e-08 1.33302813612e-05 0.00797578753663 0.367656650915 2.63272456981e-11 0.0569554773575 3.07085891593e-14 0.466024910469 0.10137379014 2.72108727281e-08
Doc #205: 2.12941717294e-11 1.09932452933e-20 6.96668972927e-25 2.52609761065e-27 0.999999999979 2.35207084653e-24 3.84098557951e-21 4.43289733821e-19 6.91497559971e-25 4.71199506912e-26
Doc #206: 1.78743125424e-21 2.59711922279e-22 1.65935708265e-20 7.18167637372e-21 6.92650160282e-32 2.03222961091e-17 1.71435539129e-17 0.998499710733 2.03332792727e-34 0.00150028926717
Doc #207: 4.49935813855e-12 1.90151921597e-11 1.81056825066e-12 0.931141538881 5.11415031391e-14 0.0688583682523 2.60460841494e-10 1.00208979019e-11 9.12730454188e-08 1.29809608031e-09
Doc #208: 7.33934232489e-16 3.09201713378e-05 0.997806393529 1.80601462177e-08 5.19127738913e-18 8.73567655047e-12 9.46128406118e-11 0.000158927754934 3.05090280355e-10 0.00200374007606
Doc #209: 0.000734668280487 0.120321779146 0.0120175864226 2.1543901937e-09 5.78947928788e-05 0.0490628137512 0.00258414116394 3.54323482971e-15 1.04923208777e-16 0.815221114288
Doc #210: 0.10315220815 9.68738331488e-12 3.4636297311e-11 0.850477110076 6.2095974945e-12 1.03135188487e-09 9.51043868146e-09 2.79189908927e-10 1.77303266511e-13 0.0463706709028
Doc #211: 2.02896603098e-11 0.274738923854 0.00381505212717 0.285462284013 0.355147297422 2.56279289077e-09 5.67934489932e-07 0.029822124894 0.000852370669009 0.0501613765036
Doc #212: 9.0681892062e-16 0.0007249053915 1.00142705818e-16 2.18435015543e-06 1.63965647906e-13 3.99203688538e-14 1.94004860703e-09 0.000826331333339 1.23283912456e-08 0.998446564656
Doc #213: 6.66894101283e-07 4.34147858824e-11 3.66740845175e-18 0.99220860805 1.47573882015e-11 1.02652204762e-15 0.00746922490476 0.000307531573949 1.32571985429e-05 7.11320890874e-07
Doc #214: 4.9030991211e-23 2.3153913916e-13 1.0 1.01668265729e-21 5.4875677186e-18 1.128271282e-32 3.81391472565e-35 6.52665966824e-14 2.3120951714e-14 5.9464398089e-21
Doc #215: 2.49940718193e-12 1.12144007764e-06 7.25020183132e-05 4.18984064409e-08 0.0366433944443 1.21719074658e-07 1.90790143009e-09 0.350791628107 0.610483005071 0.00200818339164
Doc #216: 2.12550471333e-17 1.05725683916e-12 0.852091644168 3.47195849945e-11 3.40259190793e-13 2.78294600119e-24 7.9152603744e-22 5.45708731889e-17 0.147908355344 4.51246430907e-10
Doc #217: 1.7548449137e-23 5.05044468559e-14 0.850521774465 1.24993054269e-20 8.23279268081e-17 4.89570707025e-18 3.52167330371e-31 0.0106503358904 0.138827889644 2.72648513315e-13
Doc #218: 0.999999994535 9.49653213788e-12 3.65237992548e-12 5.43920846833e-09 3.18524289214e-30 3.75335364251e-16 9.4686495287e-19 1.23087634348e-11 2.08067154437e-21 6.63140757659e-23
Doc #219: 1.43067674637e-11 5.39227586856e-14 0.999880773945 1.60490257068e-11 4.60424022884e-20 0.000117457875923 1.60115697693e-14 1.76814572227e-06 3.30616627016e-12 7.82842035278e-14
Doc #220: 2.11897574655e-12 5.91301072549e-21 8.92960561669e-20 7.6863840069e-33 0.649217709998 6.47699715006e-34 0.0210374896947 1.50808324234e-25 1.59830786304e-16 0.329744800305
Doc #221: 5.6395349746e-12 8.29190638107e-12 4.05351187902e-07 4.37900750324e-16 0.915022284733 3.21784155003e-05 2.32508885253e-12 0.0849249500288 2.0181186125e-05 2.69162443953e-10
Doc #222: 3.15747275894e-14 3.33924569981e-08 4.73854205534e-08 3.21296238773e-07 9.81895339739e-10 1.15725348467e-09 1.60237691712e-06 0.00012486809875 8.66801603678e-11 0.999873125224
Doc #223: 3.93437778394e-15 6.13008652532e-11 0.980488492509 0.0184687117971 4.3588591152e-17 5.75270123051e-12 5.83787438953e-14 0.000957865550021 8.49289226105e-05 1.15381275132e-09
Doc #224: 0.287311367504 5.60302556572e-16 9.59474906008e-19 0.121504832359 0.275654562493 0.000262380915358 6.53641203392e-09 0.119335495725 3.93146405751e-06 0.195927423003
Doc #225: 5.2819063168e-11 3.33367106473e-05 7.96607874763e-11 4.77638294071e-08 2.12740876347e-09 2.25041297197e-12 0.00661920082906 0.938421037448 0.0549263749862 1.10148329048e-13
Doc #226: 2.86005621244e-09 0.12086008561 1.03077686453e-05 0.412092404995 7.78946941976e-10 0.07169329608 3.48986638125e-05 5.16363017207e-08 0.136588678752 0.258720272855
Doc #227: 7.11420966244e-17 0.000464476943219 9.91265939311e-15 0.998606498146 2.91855293399e-16 6.921935697e-14 0.00026454808423 4.0136532644e-10 3.94723731654e-14 0.000664476424713
Doc #228: 1.03008509153e-18 0.999999820577 5.36599365209e-16 1.7941552947e-07 2.5703535602e-18 1.15222855958e-12 8.49188291412e-23 6.65276863632e-12 1.05294292061e-14 1.80615154871e-14
Doc #229: 8.47302295325e-18 0.111163844525 6.52481989098e-07 0.69640247876 0.0377478323737 5.15489219577e-13 0.0504036573294 9.90880456262e-09 2.3047233832e-11 0.104281524597
Doc #230: 7.29381382881e-10 5.59819283705e-23 2.5962871363e-30 1.87111426402e-29 0.857723322779 3.76382172759e-36 0.142276676491 1.16245686605e-23 1.45721791372e-23 2.65497346948e-20
Doc #231: 0.999968768135 1.53672704165e-22 1.1267121291e-14 3.32896983489e-22 1.95910616761e-14 3.21381124703e-15 3.7410391128e-18 3.65777431131e-15 3.12318652499e-05 3.4681193372e-19
Doc #232: 3.78867739074e-07 1.00957451853e-24 7.48095563913e-26 3.29184071229e-27 0.903679931494 3.08659707513e-31 0.0963196896379 1.8310761569e-20 5.66348170025e-23 2.23613304001e-22
Doc #233: 0.0271062649154 9.22959420513e-06 1.2204480171e-05 0.825732252475 1.13451435618e-21 0.0645868032328 2.25730526021e-06 7.57856853595e-14 5.40048334051e-09 0.0825509825969
Doc #234: 1.00429214456e-08 2.70489173084e-13 3.01202612615e-17 6.1536112431e-17 0.0461791573636 1.51407055298e-07 7.00921213305e-05 0.343651890985 0.61009869808 2.03586868606e-17
Doc #235: 2.48754220993e-13 1.06027778477e-05 2.60834984252e-07 0.0585302969066 1.00392975977e-09 9.79549627076e-16 2.12491955772e-11 0.124078768147 0.817377587581 2.48272720269e-06
Doc #236: 2.18781300177e-17 5.66861562024e-12 8.42874253339e-14 1.12480705903e-06 6.33332735777e-25 0.999998860575 1.46114850774e-08 5.7306195018e-14 1.44351413317e-18 6.43763757635e-13
Doc #237: 4.00405610567e-06 0.0906478005591 2.05669106384e-10 0.504916180001 1.0479444847e-13 0.0306759046068 8.88293006067e-08 0.101020519269 0.272735476307 2.61663163418e-08
Doc #238: 7.43888722127e-24 1.82997060189e-13 1.0 1.30163913486e-21 4.90871296457e-18 9.28088125253e-33 1.70774412962e-35 6.52638853339e-14 2.62821626814e-14 1.9825714653e-21
Doc #239: 1.42145345871e-17 0.230414695625 0.0160150743883 1.15419834063e-09 3.33283265762e-18 5.60794809452e-16 9.02641622455e-09 2.44581311154e-15 2.92979705007e-12 0.753570219803
Doc #240: 0.275730087288 3.17510359331e-24 7.47969659279e-25 0.173929291741 1.17498050156e-11 3.86775037721e-14 1.43709874915e-05 0.00218022161588 0.538411372363 0.00973465599331
Doc #241: 2.1402078744e-17 8.58312413113e-17 1.35750620517e-26 4.88241331657e-28 1.0 8.80274114155e-26 9.74807230329e-15 1.47536090062e-24 9.35534354816e-31 1.15691292627e-20
Doc #242: 1.0930615384e-25 4.38597034722e-15 6.43769493183e-19 1.43906588379e-16 2.34845195319e-18 2.83681065252e-22 2.63331229471e-12 1.3826859768e-19 1.04413176709e-14 0.999999999997
Doc #243: 1.44138170511e-06 2.03868375799e-10 5.49119799105e-21 4.77872213441e-09 1.00025749476e-16 1.56372814744e-09 0.78711397273 3.36091686574e-18 2.32953784509e-24 0.212884579342
Doc #244: 3.61456485379e-10 1.6584108413e-13 1.69772655559e-18 6.25303218887e-17 8.3539747109e-15 5.05870808867e-12 0.0354933736507 0.964506625982 4.39220760387e-13 3.51652639526e-16
Doc #245: 2.21343082977e-09 8.09180903288e-09 1.3354486322e-06 0.715206780523 4.22232005338e-16 6.36919722003e-07 1.13804771135e-11 1.41581920194e-10 1.48092629506e-15 0.28479123665
Doc #246: 2.68866513207e-11 0.0119659732604 0.0113112276267 0.976560818768 1.73222532303e-17 3.27277649974e-09 8.22400164734e-15 1.3513216145e-13 3.15131905705e-19 0.000161977045413
Doc #247: 5.64174060027e-52 6.00796236886e-62 6.73687066079e-27 3.39525689267e-29 0.0 1.0 9.26418576628e-43 4.01913311926e-42 5.9464341278e-230 1.23580426957e-15
Doc #248: 9.80598460362e-25 8.81784742314e-15 2.41049561821e-12 0.105652364873 6.64120321153e-21 0.894347634997 4.42523124576e-13 7.44576255241e-12 1.19324911784e-10 1.75619639316e-14
Doc #249: 3.81211438808e-21 2.12651246512e-21 1.38257992428e-20 1.48358233199e-17 1.00697504217e-27 1.0 3.33797297393e-19 2.46466273504e-19 6.32033652988e-31 8.4553079895e-19
Doc #250: 2.00283640505e-17 0.00741234225457 0.000157392498782 0.607035778129 9.01523764715e-21 2.24692634307e-10 0.385028533229 2.89046044344e-07 7.56986357874e-12 0.000365664610431
Doc #251: 4.80305355822e-18 1.82587232416e-20 2.20535177626e-16 1.49590755437e-22 7.33850185885e-22 2.96112361699e-09 0.918470680851 0.081529316084 6.25346216333e-19 1.03849293337e-10
Doc #252: 6.69182115141e-15 0.00177696209218 8.71531543257e-05 1.05811362217e-13 1.41989859695e-08 2.50785089468e-19 2.10304970189e-06 2.29164623708e-15 5.09337402895e-16 0.998133767505
Doc #253: 1.45482292918e-05 1.27484588001e-05 6.07174687107e-05 2.57673014523e-14 6.16160923337e-05 1.37736144316e-11 0.12073525974 0.850023013587 0.0290920964105 7.0717941386e-18
Doc #254: 5.11792825304e-13 4.57749186602e-07 1.10015602275e-08 8.55196783929e-05 0.939399671946 0.0175486618178 1.25903806974e-09 7.51200253956e-05 2.2221229183e-09 0.0428905542999
Doc #255: 7.04248550693e-18 1.72163570407e-20 1.17755782089e-16 9.12787088865e-23 3.06502707936e-20 2.97328300663e-09 0.91847068085 0.0815293160726 5.59254501341e-19 1.03849695392e-10
Doc #256: 3.57055707572e-21 3.26781684964e-21 1.13540203424e-24 1.34444772992e-12 2.18046662306e-32 2.57797588981e-23 4.13072438469e-10 6.70212574867e-20 1.11449681079e-28 0.999999999586
Doc #257: 3.96870340875e-05 5.10903481355e-13 3.01908626557e-08 0.0785949714 5.30668381969e-06 9.47287425665e-13 0.420177465895 0.0741314736327 0.427051065162 7.17062410123e-21
Doc #258: 5.04033069613e-10 2.05199492911e-08 5.36547906617e-17 5.05021459625e-10 1.5679084306e-07 4.61699691802e-05 0.0978377326356 0.000140861717092 2.18752991761e-08 0.901975035483
Doc #259: 1.13526800406e-12 1.33756300577e-11 1.69766983977e-17 0.999904019497 3.55448216151e-18 2.40805127044e-08 5.89448204549e-15 5.38664390548e-11 6.96718373709e-15 9.59563539403e-05
Doc #260: 0.00201739059756 9.96809336816e-09 2.30760878725e-15 0.980941693036 4.83433696391e-13 0.0169146990416 8.05255689798e-15 0.000126173176157 3.4178534692e-08 1.26750246392e-12
Doc #261: 8.16521404955e-11 1.95236639384e-11 2.42092196765e-07 2.90605801782e-07 1.44215482095e-17 3.84273207282e-15 0.999991568905 7.86761747436e-06 3.06778887808e-08 2.23665846353e-15
Doc #262: 7.00203925885e-15 6.92814704588e-12 7.3705631391e-09 6.82015304083e-14 7.68341766666e-08 3.52932020651e-19 3.14469417978e-10 0.999999907331 8.14313740812e-09 9.92469749606e-16
Doc #263: 1.07936358944e-07 0.856980914136 2.31486592998e-05 1.79968070735e-13 0.000679761273451 2.15242852606e-12 5.55566330179e-12 2.24344140701e-12 0.142316067985 1.29464642569e-17
Doc #264: 2.39562384228e-17 6.70409968559e-13 2.12048737776e-21 9.66889832875e-25 0.999999999999 1.35858804851e-17 1.45254205258e-13 2.75610737925e-19 7.99252759073e-22 1.1896372564e-15
Doc #265: 1.10108004199e-05 1.08359189301e-08 2.79672935448e-06 0.131947999887 6.97996952479e-09 0.00117628103888 0.000352250748107 6.32086285206e-11 0.866509169121 4.73796319157e-07
Doc #266: 6.40330805019e-15 0.999994864084 6.03066712934e-13 2.41233579615e-06 4.94520492502e-07 3.76984027731e-16 2.22108186707e-06 3.16658935905e-09 5.85238186966e-12 4.80492999354e-09
Doc #267: 1.05357883832e-19 2.80005440573e-06 6.78303117854e-10 0.999997198144 6.3014671281e-29 4.9181011735e-12 2.64986299931e-17 9.973664066e-19 1.19249153682e-15 1.11880683185e-09
Doc #268: 7.21474667628e-12 9.45866203121e-16 9.02689612715e-15 9.61654126252e-15 0.999999553425 3.88742795198e-15 4.46567439712e-07 1.62135068129e-16 9.5846906608e-21 5.69658325723e-15
Doc #269: 3.15084181085e-10 3.19515297431e-06 0.510089347655 6.32764444107e-06 2.03194918749e-06 0.00391028896432 1.88658026024e-08 8.53818485996e-06 0.424600282564 0.061379968704
Doc #270: 1.42000642331e-08 7.12839477112e-07 2.65413135364e-18 0.000636586199452 2.86732996363e-14 8.15370320323e-13 0.0463010781619 0.148422237451 0.804639371147 5.64982965366e-15
Doc #271: 0.000166821242647 0.998697549509 1.39635229327e-08 1.22538997109e-07 1.14729122218e-17 0.00113535866693 1.7280028015e-12 1.05201570671e-16 1.35048337171e-19 1.3407716395e-07
Doc #272: 1.66895339735e-19 0.0831721458879 2.43434647218e-23 1.48825785755e-16 1.51570685545e-25 4.82029977126e-19 2.51824618459e-20 1.22913907487e-23 2.10549032442e-20 0.916827854112
Doc #273: 1.76735681445e-20 8.50287215144e-07 6.47181740726e-07 0.0440686791977 1.22906870336e-14 0.147422616538 2.05202935039e-12 5.04321654637e-11 1.65844559166e-06 0.808505548297
Doc #274: 5.98562271946e-16 0.999944025306 1.64146755709e-16 1.84292748683e-07 5.78780149078e-20 4.90096865703e-13 1.4857493748e-13 6.94109412784e-16 5.57904004707e-05 3.95984829072e-13
Doc #275: 9.34556708269e-18 0.665445213031 7.1631014994e-22 3.83693072597e-13 3.23806037847e-08 0.334554754588 1.74062186091e-32 1.86146379115e-21 3.84719828285e-16 8.42742610696e-23
Doc #276: 6.35384565956e-14 0.062308161285 1.37562993873e-10 0.256256508718 1.20022156913e-19 2.53534106259e-06 0.135802353281 0.00160721713872 0.544020871448 2.35265122619e-06
Doc #277: 1.02963542919e-14 9.38617367443e-17 4.54992667275e-15 7.58328229288e-17 0.99999998324 8.46065237314e-17 1.30903888819e-12 1.67591445662e-08 2.9128028207e-16 1.8262569947e-23
Doc #278: 3.66795951996e-17 9.66667699195e-13 1.11215287958e-12 5.97057823671e-15 8.13009206435e-21 2.97544949843e-09 5.03567424778e-05 8.26778721811e-21 1.15030022386e-13 0.99994964028
Doc #279: 2.65613090462e-10 0.999813393042 2.93235321652e-14 8.61071069783e-08 3.49014746686e-13 4.95140900623e-09 5.93295790321e-08 6.79425783437e-05 1.92797025433e-10 0.000118513533238
Doc #280: 1.91149970967e-17 4.01727734365e-17 3.52402989468e-18 5.06430796482e-20 0.99999999978 3.33145412882e-12 2.17136377074e-10 1.39597651908e-18 6.88987694725e-20 9.91217937883e-19
Doc #281: 1.54340524549e-16 3.29488793312e-08 3.43717025174e-11 1.14562322516e-08 5.41664098292e-13 4.19941645335e-15 0.920665672275 1.5213091351e-05 1.18573401981e-14 0.0793190701931
Doc #282: 6.2312117456e-27 2.46035519669e-19 1.3142578192e-29 9.25336202169e-26 1.0 4.51467473423e-39 2.27636328539e-33 1.69607773877e-29 1.99815552007e-26 1.07053262268e-25
Doc #283: 7.46303365412e-12 0.226564128995 0.000274802733482 1.64987568675e-11 5.89929512692e-23 4.18548844989e-09 4.27237544498e-09 3.29181817923e-18 1.71046506194e-17 0.773161059789
Doc #284: 8.36733040535e-11 1.08138717978e-13 7.61983979009e-14 0.999999933547 2.23848183812e-15 6.63625819388e-08 8.9917978448e-16 6.50518269077e-12 2.3119648709e-14 4.3280350681e-18
Doc #285: 0.569365979048 0.00207873762707 0.297314412236 1.74075087645e-11 0.0878301401588 0.0408268316841 1.64403482767e-10 4.01197719739e-07 6.88968342694e-08 0.00258342896984
Doc #286: 8.28974422019e-08 0.00064712227434 6.77383546123e-10 0.625250321419 1.05700938953e-06 8.17594216354e-13 5.35794364004e-11 0.29584531596 0.0782560812428 1.84654299463e-08
Doc #287: 7.94273010658e-17 2.86758800743e-17 9.19828824221e-20 9.46861634274e-22 0.999999999969 2.39986062115e-12 2.81553134612e-11 1.6959547628e-19 3.07189304097e-21 2.65031332048e-20
Doc #288: 2.16501822007e-08 0.0929236008269 0.178827858251 3.55310371696e-07 0.184044074956 2.91658510007e-12 0.000220402843465 0.00466488303103 0.000145151613436 0.539173651514
Doc #289: 0.108913921395 1.8995308517e-11 0.00108455742676 4.25681548833e-09 0.0254789530493 2.5682060118e-08 7.25633394804e-22 0.10993657794 0.00107019933266 0.753515760899
Doc #290: 2.14721791871e-23 2.80478108559e-21 8.91392797144e-32 9.23023231424e-23 1.0 3.1212485836e-33 2.76467270754e-27 6.23670904995e-26 1.11619587189e-21 5.08247374064e-25
Doc #291: 1.36176239876e-12 3.16075798822e-14 1.62173100839e-06 0.704898958099 7.50739176621e-16 4.94908421335e-20 0.250376477566 0.0447229423039 2.69079253898e-10 2.93758089127e-11
Doc #292: 0.179025976702 0.00728759032913 1.20012603284e-13 2.25630573023e-22 0.135906427354 3.53293381363e-23 1.89420180404e-16 2.82372124088e-25 1.2553565419e-13 0.677780005614
Doc #293: 0.163097024957 2.59339184177e-11 0.836579498479 3.05200677046e-14 0.00031342645211 2.3434601198e-25 2.74824378152e-09 4.11533859726e-13 1.66808625318e-12 1.00473359976e-05
Doc #294: 0.00576876761084 0.33805725396 2.69363098415e-09 1.08014194218e-26 6.31901532435e-05 2.58173053763e-18 2.45089236484e-19 3.6342237797e-17 0.173819743173 0.482291042409
Doc #295: 0.000301760328388 6.41207641337e-07 1.72955703963e-10 0.174478813284 0.161217516159 1.03862023197e-17 2.53195101235e-10 0.663905923944 2.4093394156e-05 7.12512567164e-05
Doc #296: 8.78371875565e-05 5.84935745095e-16 1.71204426573e-10 2.26358627965e-08 5.55463672513e-08 1.65732498173e-21 2.16469912115e-18 0.999912084459 1.05861701068e-13 7.85873034458e-15
Doc #297: 1.19791805378e-10 0.106750630823 0.590334618931 0.0407945566556 0.0237170518872 0.0527407804265 5.42490134884e-07 0.0703064013531 0.00810504200893 0.107250375304
Doc #298: 0.999991433318 3.32248943736e-10 1.12338594052e-22 3.93327698635e-06 2.13307042465e-20 6.39613393599e-19 3.9046386768e-16 4.63306124457e-06 2.29290251634e-12 9.51433595391e-12
Doc #299: 0.218060972853 8.31900044949e-18 0.00811445255082 0.256782375088 0.0802406445318 3.54322383333e-13 1.50526149595e-18 0.436801554976 1.68540329065e-37 9.5115359284e-14
Doc #300: 6.91539234272e-16 4.94035243808e-12 6.34954663571e-12 0.671264525203 1.52460911638e-13 9.26502247859e-09 0.0362318812315 2.39849556702e-13 0.272044049754 0.0204595345351
Doc #301: 8.90504642266e-06 0.384277182091 1.11037323986e-06 4.49575894124e-16 0.615673684728 2.61039413104e-13 2.37500361923e-06 1.3722820548e-08 3.67290343331e-05 2.95789760215e-13
Doc #302: 3.18435044654e-16 2.30228641941e-18 4.52623691848e-20 1.0300790508e-12 4.98779106672e-07 1.07100592594e-21 0.624468487739 0.374914407271 1.271006177e-08 0.000616593499925
Doc #303: 6.6785977552e-11 5.19808453287e-20 5.42842900695e-18 8.48043847643e-15 1.89574885609e-09 4.78631123817e-13 3.25277820955e-30 9.00532307041e-23 1.59428688312e-18 0.999999998037
Doc #304: 3.10392169936e-24 3.3577985447e-19 1.26265465093e-30 5.23694701562e-23 1.0 1.86945989159e-35 5.1661464114e-28 6.61524873012e-27 3.40471429945e-22 2.26526388575e-23
Doc #305: 6.91677019964e-10 0.0989011562236 6.04058056221e-07 9.17782125907e-07 1.31425574287e-21 0.724857093394 0.000240399512004 6.91152562689e-15 0.0601387577008 0.115861070637
Doc #306: 0.407473328703 2.85318504661e-08 2.31508246051e-13 0.00016421042972 5.75896070054e-17 1.42432679407e-06 9.08153150349e-05 0.416406474319 0.175863718285 8.88501618549e-11
Doc #307: 0.162652696841 0.124571654738 4.95510828915e-10 3.54115277052e-05 0.712736466912 2.1360728297e-15 2.842539151e-21 9.01194530501e-08 3.67936566981e-06 2.31976058766e-24
Doc #308: 0.773801592304 3.87440439696e-07 1.13416777215e-05 7.08709635593e-18 0.226174585523 2.39378599672e-17 6.45989648379e-12 1.62709368709e-11 1.09065511738e-13 1.20930321489e-05
Doc #309: 3.4193824357e-12 8.93418227996e-07 0.599548320182 1.22492220992e-09 2.39061664435e-16 0.400450784966 7.80168752543e-22 2.05431219376e-10 3.09203843484e-13 1.0772382492e-13
Doc #310: 9.219977795e-16 1.54793535238e-13 0.0011930768034 2.06038405625e-09 0.105330481709 1.53098467743e-20 2.429962536e-15 8.34378561229e-08 4.75296449896e-15 0.893476355989
Doc #311: 1.64252837166e-08 0.998972172355 7.64368519263e-10 2.90347430114e-17 0.000941046988479 1.26612902704e-14 1.53396703494e-15 1.33139158243e-10 8.67633338135e-05 1.79553606639e-26
Doc #312: 7.48112391404e-19 1.28559463489e-16 0.999992577557 3.94706357238e-17 3.00700983455e-13 2.75981662485e-27 5.7003735429e-29 2.38233764613e-19 7.42244235435e-06 5.63784533037e-21
Doc #313: 1.49204826934e-21 4.9432833902e-15 0.999999999827 1.9651059575e-15 1.76313135718e-19 4.33015219891e-22 5.09929094165e-29 2.2973546565e-13 1.72467608826e-10 2.92187430522e-19
Doc #314: 2.57289092696e-07 0.0139604401541 3.16402676601e-15 0.663892308505 2.87851223153e-11 4.79461507818e-06 2.47958940419e-17 5.76015076798e-11 4.36046781281e-17 0.322142199351
Doc #315: 1.44993245215e-16 1.12313314317e-17 0.999913178609 2.15217239578e-15 1.45996525649e-18 8.68213892601e-05 1.6830464047e-12 2.08719385529e-14 1.95717276151e-22 3.88699654231e-16
Doc #316: 1.34035485042e-24 0.453644405429 0.000122899943143 1.74535260483e-24 1.58563628809e-05 2.52816338848e-16 3.39208967357e-26 6.83997462135e-36 3.01939677821e-10 0.546216837963
Doc #317: 5.29065847045e-15 1.88753173013e-16 1.63997204592e-10 1.10444405914e-16 1.17208720763e-20 0.999999999814 9.65827646735e-19 8.63275813829e-25 1.80518544039e-11 4.32460390582e-12
Doc #318: 0.354689210824 5.81382118978e-05 0.621087966293 4.93150763556e-05 8.0761793601e-08 6.96980541236e-12 3.98932765524e-13 0.0241152835013 5.2663963094e-09 5.83897905245e-11
Doc #319: 3.91990493307e-11 0.000497062308995 0.982156087934 7.61613514174e-11 7.90526976922e-07 2.37886312693e-14 1.78647108332e-19 1.49241556167e-10 0.0173460589659 2.7667220504e-18
Doc #320: 1.7623713101e-12 0.999656612536 4.28259058852e-08 9.15933579776e-06 1.21780787341e-08 5.33151746918e-09 2.44666005149e-11 8.77205596961e-07 0.000333290560648 1.35125818213e-20
Doc #321: 0.999999757812 2.12482386553e-08 1.2537245607e-08 1.99923075939e-07 1.21986796747e-09 1.06973165181e-11 8.5547554372e-22 7.24803900084e-09 1.49207074089e-13 7.24291519452e-13
Doc #322: 7.7396478199e-14 0.0475342416593 7.51732895801e-13 1.2160086476e-09 1.28112846191e-23 1.89934255219e-18 2.93720916249e-14 2.49515729836e-22 1.63060963405e-20 0.952465757124
Doc #323: 0.0304436791643 2.7346227459e-06 7.39763827667e-06 4.206741317e-05 2.28962284309e-17 0.969503993483 7.91465070779e-11 1.27934736674e-12 1.27565654738e-07 3.21646167637e-11
Doc #324: 0.152008043267 0.0883740046362 0.276818179823 0.00196288297781 1.85108039597e-08 0.0628337775116 3.7575283419e-07 0.319665733367 0.000730423739365 0.0976065604134
Doc #325: 0.0802875619481 0.000178308596012 0.000215199335 1.28809082031e-19 0.149919795892 5.78621845774e-28 1.51304410072e-25 1.76219500719e-26 3.53950129477e-23 0.769399134228
Doc #326: 6.67866971064e-12 1.27854169333e-16 0.00278894422518 1.57449777901e-07 0.163561813951 8.15760237255e-23 1.97024152042e-19 0.0938054642376 3.87850929223e-07 0.739843232279
Doc #327: 6.85164263056e-21 0.999999999999 3.52454172872e-19 6.02627122703e-13 2.56549038658e-18 2.18361015073e-13 1.50425244874e-28 2.81315846049e-25 3.6586729685e-20 6.66942726384e-16
Doc #328: 3.02377557009e-06 9.71484950949e-10 4.26951312141e-11 1.81587937844e-12 1.36886789998e-25 0.999996972477 4.87511876365e-19 1.14904660862e-13 6.46068272895e-24 2.73104571739e-09
Doc #329: 1.26214881541e-21 7.89141428063e-30 7.11745314603e-28 2.21700920546e-16 8.05274753156e-10 8.31983330178e-26 0.51796429496 0.482035703007 1.22697192093e-09 7.53059728998e-16
Doc #330: 2.42699434562e-30 3.23545795193e-21 0.518364306364 2.4923847809e-31 6.45583100952e-28 1.66474599372e-06 5.78501702674e-30 4.21133816049e-17 0.48163402889 1.95420556096e-22
Doc #331: 2.86661834806e-09 7.98271898393e-15 1.81617367791e-12 9.73058138029e-20 1.35191203733e-07 7.52025364823e-24 1.449449355e-15 0.000491642807841 0.999508219133 7.72746655724e-21
Doc #332: 1.59433787529e-07 0.0255491453037 1.98725732441e-05 0.437379968095 2.12032677649e-07 5.08712713785e-11 6.95084475417e-08 0.0333952372318 0.140084847387 0.363570488384
Doc #333: 6.67133926642e-10 2.33390822625e-08 0.715122675344 1.93127382207e-12 1.58626794016e-05 8.13749849766e-15 4.42502763023e-11 1.15148193808e-08 0.28486142641 7.60972542717e-14
Doc #334: 1.58849646517e-05 0.875122462622 3.74148410076e-16 0.000349619335572 9.24549665078e-22 5.05650772294e-13 3.66977288665e-16 0.124512032483 5.91849591581e-10 1.60521807438e-12
Doc #335: 0.682543407434 0.256110712903 0.0319823660708 6.30032069647e-21 0.0278035779011 1.22749925633e-22 1.69154059076e-18 4.30556463806e-09 0.00155993138506 2.195978936e-18
Doc #336: 0.000506399079412 5.0733259277e-07 0.116363192151 2.8075495493e-09 0.692563619486 1.79670018902e-09 2.85038839191e-12 6.1920473588e-10 0.0059131011125 0.184653175613
Doc #337: 0.252237453145 0.00013626922108 0.0274310554489 0.00401892116355 0.0834260754552 1.66895219687e-10 1.16906151776e-14 0.341545732828 0.291201800162 2.69240959135e-06
Doc #338: 4.96461024601e-08 0.293320616494 0.000642254051566 3.04359073442e-07 9.04047231739e-09 0.610493326549 2.47020789727e-12 0.095254059707 1.4479233635e-10 0.000289380005829
Doc #339: 4.82626962738e-08 0.0528410313228 0.0162728440728 3.67009139526e-06 0.0067523512357 1.72448481745e-12 7.94805587104e-07 0.128982419087 0.795146836443 4.67747493537e-09
Doc #340: 0.000727875741205 0.470463728808 7.16544871578e-11 5.71393415679e-12 0.209842122636 3.25800693957e-16 1.36239909003e-17 5.63457521135e-21 3.155083264e-21 0.318966272738
Doc #341: 2.17621112134e-09 0.77334786992 4.44674972758e-13 2.94423064066e-25 0.226650204366 7.16528182367e-28 8.12633718769e-30 5.79248171788e-19 1.90352244676e-14 1.92353772017e-06
Doc #342: 1.27610088572e-15 0.235570545921 0.181284031253 0.218024688781 2.17082290169e-05 1.45753483348e-13 3.20211462549e-13 3.32291524389e-13 1.031124312e-12 0.365099025814
Doc #343: 7.73857886595e-10 0.00463854120959 0.617404202931 9.56204735804e-08 1.14268618249e-07 0.377957041915 1.8024092354e-13 3.22855463703e-09 7.18802617938e-13 5.24015733526e-11
Doc #344: 3.915448869e-09 1.33451833683e-11 2.32394493824e-09 8.60853845512e-09 5.57716961787e-14 9.14637982531e-23 0.0177056869038 0.111079057498 0.871215240736 4.03564340329e-15
Doc #345: 2.18845468264e-09 3.51668679757e-14 2.22667314141e-05 1.24716005586e-16 4.33214023932e-15 7.71043182036e-07 0.922059579049 0.0777878621026 0.000129518885291 1.11877455369e-24
Doc #346: 0.999990132675 2.03078948927e-11 1.27107113504e-07 9.72403010737e-06 1.89351932968e-12 5.16445354768e-10 3.038888818e-18 1.56476238612e-08 6.33850830117e-14 1.05018603571e-12
Doc #347: 0.000144334086765 0.0287839289392 0.969920546064 0.00115105059875 3.08266624594e-13 8.04196852859e-08 4.94092360349e-09 5.49494437318e-08 8.28154143047e-13 8.41372672547e-16
Doc #348: 0.0122560815313 2.02171798828e-06 0.341801320785 8.22478579495e-08 0.253139751686 0.29113937383 0.054156186907 0.0475033117113 2.61281250617e-07 1.60830254983e-06
Doc #349: 4.54406514908e-10 1.47994860714e-14 2.15224580625e-10 1.8689271116e-13 0.954033684436 2.12352614782e-26 3.53778508803e-21 0.0457832641797 0.000183050712813 1.84632694118e-12
Doc #350: 0.0262469523492 1.24915109979e-11 0.764873582956 3.01403746369e-11 5.74339360202e-13 2.31399774248e-08 1.02265673813e-18 0.000713597064888 0.208165844447 1.81376608857e-15
Doc #351: 4.03887084419e-16 3.40152235686e-09 3.10782384081e-10 6.57605228315e-05 1.5864658119e-25 2.07716222431e-13 4.28234357169e-13 0.545704917715 2.43029179637e-15 0.454229318049
Doc #352: 7.57812918228e-24 0.999910458841 1.08008087142e-14 7.09160131505e-12 5.57500465826e-25 5.90676917154e-10 8.95402490169e-05 1.23313130109e-13 4.82618674036e-22 3.12027181028e-10
Doc #353: 3.51956860445e-13 3.65151527581e-05 6.03774198412e-10 0.437792921543 2.35541943312e-19 0.562170544967 1.13714451514e-09 2.39142898427e-18 4.30715493914e-11 1.65530294582e-08
Doc #354: 8.85485833034e-10 1.66925673092e-05 0.993094750673 3.59573902373e-11 0.0068885552402 3.31257574429e-16 7.46643917891e-12 2.09828660716e-11 1.0104313937e-12 5.68097910993e-10
Doc #355: 9.95073690956e-09 0.0320266050151 0.0181490571216 2.36731862162e-22 0.246470019905 2.03233623324e-24 8.09998230574e-32 0.217210714466 6.91886594332e-14 0.486143593542
Doc #356: 0.0957646637942 1.20831439433e-07 0.0787892030883 0.470685844507 1.83747012614e-13 0.000623946295135 2.03902903534e-09 0.31284545616 0.0401552871133 0.00113547617065
Doc #357: 5.3276773499e-26 1.17247955173e-10 2.70091157317e-09 3.14556314183e-27 0.419813830851 1.35972156491e-37 3.34879745057e-41 2.36807672578e-34 1.94020041348e-13 0.580186166331
Doc #358: 5.41710170408e-13 0.138333265369 0.489427356643 1.54338578581e-09 2.5798079221e-13 0.0112291285292 0.361010221568 2.46391030783e-08 8.77049796437e-11 1.61966201317e-09
Doc #359: 2.0020444944e-16 7.76961725157e-05 0.610137951207 2.62835279752e-15 0.206065869491 9.55678011518e-11 7.65457181574e-17 1.74319174976e-07 2.57291742777e-16 0.183718308715
Doc #360: 1.2881773821e-12 5.28159736844e-11 3.09417481265e-16 7.05293804684e-08 9.51854266822e-12 1.40294635553e-13 9.69574927173e-23 9.08152084201e-15 0.999999929407 6.45334752246e-14
Doc #361: 0.0756595399959 0.841550351473 7.37751693592e-12 1.45791516587e-09 1.09035704879e-10 0.0827901061402 6.02416681299e-10 1.45309615141e-11 1.77629316676e-10 2.19058961572e-11
Doc #362: 1.51266513081e-22 2.56829286643e-08 0.116787925805 6.74600117156e-28 0.0882020564779 8.31369304042e-23 7.79046411419e-05 1.33128042811e-45 1.41771375962e-10 0.794932087252
Doc #363: 4.23713231856e-10 3.72685523801e-12 0.49771992493 9.52165624207e-10 1.35433255738e-08 0.00396937325074 3.12869640453e-14 7.37571770294e-19 0.498310686566 3.30317950919e-10
Doc #364: 1.69317857174e-14 0.0047436816241 7.17765872137e-11 0.0199181640104 9.97458382912e-15 2.02525335345e-12 1.21422204667e-12 1.11166609741e-10 6.43772857459e-11 0.975338154115
Doc #365: 4.79239439404e-16 0.730077379728 1.80521638867e-07 1.60994452524e-07 6.24476807751e-15 0.148551295773 9.45609174379e-13 7.3510143953e-13 7.22492613031e-12 0.121370982974
Doc #366: 0.48848156058 0.316167251494 3.62993210118e-21 1.84851276882e-05 1.75775675016e-18 0.0504770620089 1.30387025904e-15 1.34571489369e-11 0.144855640776 2.52153778396e-19
Doc #367: 2.37318888482e-09 0.998012681217 1.07562355667e-11 3.15715568531e-18 0.00198729335777 4.81742436452e-29 3.77735544318e-26 4.32354297472e-22 2.33409663167e-14 2.30410653774e-08
Doc #368: 0.000651570002127 2.85956302321e-07 2.31512822746e-05 1.59751978299e-12 2.74813588554e-06 1.95287772242e-15 8.72783780541e-20 4.21184201902e-09 0.99932224041 1.69588679002e-15
Doc #369: 1.25591364186e-06 1.77426669272e-09 0.665940709392 5.56847141331e-16 1.30745705492e-10 0.334057174448 8.57062135986e-07 1.19361381363e-17 5.1800134645e-12 1.2739428904e-09
Doc #370: 0.162336304128 6.37253603978e-05 0.000364476977504 6.9714400512e-07 0.220504691485 0.0667163444515 0.0053220718805 0.453962971769 0.0907287168037 1.74430208759e-18
Doc #371: 2.51705046545e-06 7.08299290703e-05 2.39117429059e-11 0.130557391403 5.00304933447e-09 9.75257957174e-08 0.000313542549148 2.5472790684e-10 0.150305378135 0.718750238126
Doc #372: 0.612358654494 1.30358750738e-05 0.156846428551 2.99605632599e-06 0.118638310766 9.7276724019e-11 1.25821300378e-07 3.59130287962e-08 2.70831271254e-14 0.112140412426
Doc #373: 0.155870874813 0.223680858426 0.000133757025689 2.74362447061e-12 0.0395013633973 1.62122624204e-17 1.18313039299e-16 2.87303206525e-07 0.0543649084476 0.526447950584
Doc #374: 6.68856746016e-11 1.56502683153e-17 5.99251293133e-11 8.37918135997e-24 0.000245895275238 6.09878430522e-25 2.81157587531e-21 4.74424010938e-13 0.999754104597 8.41207786071e-19
Doc #375: 0.00211328481914 0.854123045268 0.129362309958 3.57502061361e-20 0.0144004581955 8.87827812101e-27 2.27959138551e-20 9.35512489292e-14 1.49936449733e-14 9.01759404172e-07
Doc #376: 7.20680035584e-06 2.65901280214e-10 3.11221151456e-14 3.86015392274e-12 0.154360676329 5.77636965867e-19 6.95017267659e-15 0.84562731168 4.80491531128e-06 5.2982210061e-12
Doc #377: 2.80016814443e-16 0.0012512188101 3.14724373222e-12 0.571012122375 2.72831209543e-19 7.65029453777e-10 8.50361578135e-06 2.55032152292e-09 8.35723158946e-05 0.427644579565
Doc #378: 4.86869462475e-09 2.50101688543e-11 1.38525939958e-09 0.999999694342 1.53750235972e-15 1.40828168932e-17 2.99378757163e-07 2.0587399168e-19 4.06169446873e-14 3.82664498363e-14
Doc #379: 1.82195851973e-08 0.11255429933 2.11998389831e-17 6.26721327684e-05 3.81520298506e-20 2.38175946431e-09 4.79597418179e-20 3.50694738815e-19 0.870516415955 0.0168665919812
Doc #380: 0.326537845846 1.05301262509e-14 1.35596309466e-09 1.44394209769e-10 0.048088067167 0.000355037051798 1.08930239155e-12 1.08423875839e-14 0.540977247998 0.0840418004354
Doc #381: 6.94583171752e-13 0.999473647635 0.000522612500801 1.20937717795e-07 7.49353452889e-10 4.92865675227e-08 4.56776377649e-16 3.56888751266e-06 2.36617544378e-12 1.00961472856e-13
Doc #382: 7.49526884323e-11 1.62695208527e-08 3.91377248235e-06 0.993804675868 0.00596833265846 6.35927873688e-10 0.000222324856265 6.53856515114e-07 8.20078405181e-08 1.4842378203e-15
Doc #383: 0.00335879617671 0.379667795871 0.0829554849374 0.00109643248627 0.0720065683913 3.21320767594e-06 1.46722124758e-08 8.42182990689e-13 0.0338784382709 0.427033255986
Doc #384: 0.00131111277331 0.392373539264 0.00647924173 1.58069282077e-14 0.44800619361 5.4694338426e-17 6.32454859502e-14 2.04597093763e-17 3.19168763616e-12 0.151829912619
Doc #385: 0.000226098108049 0.278479571914 0.0511879148309 0.330902606343 6.12962660158e-09 0.000315811439237 8.89829225356e-08 0.0339583673995 1.6202959093e-10 0.304929534691
Doc #386: 8.02792084553e-08 3.77644285493e-19 9.11740950251e-19 8.00981018896e-14 3.3294262812e-11 1.00749874107e-26 9.35318441293e-29 6.62897574431e-24 2.46640247431e-10 0.999999919441
Doc #387: 0.00266345536881 0.00298834631878 0.0359600236339 0.000183061394421 0.037172923456 0.00022110439993 0.061132588745 4.22591978297e-12 0.212026889118 0.647651607561
Doc #388: 0.00275844718256 1.60059451147e-15 1.25156306425e-06 5.22723873691e-18 0.181267363153 2.21012198761e-16 2.62710507738e-18 0.81569421075 2.07290948939e-12 0.000278727349257
Doc #389: 0.672562101318 1.45055333381e-06 2.4973869311e-10 2.05228429726e-10 0.0246884396418 3.03655482896e-12 7.30977155701e-09 0.232083462185 0.0706645385339 2.13093186367e-13
Doc #390: 2.41272570297e-20 9.35529157255e-18 8.33948962901e-16 1.14297719246e-23 5.67837769083e-28 1.0 7.64185678165e-14 3.12341939517e-24 1.42880388717e-19 8.27506311305e-29
Doc #391: 6.67085361975e-13 3.72969982357e-10 0.0394004536329 3.83596928648e-26 2.86237329349e-07 1.14214140186e-30 1.32088069948e-20 1.00837763794e-16 1.26622064904e-09 0.96059925849
Doc #392: 7.43625724253e-23 5.35313084787e-17 1.03416753634e-16 3.23907836498e-24 5.04921997988e-30 1.0 3.789497336e-16 3.25908595241e-22 1.54544318505e-18 2.22148192545e-28
Doc #393: 0.950321148372 0.000893561349124 9.34878332574e-12 6.13328091454e-16 0.000462189139096 1.52612849282e-13 1.47174322934e-16 0.000596956016493 0.0477261451142 8.35637681115e-23
Doc #394: 1.60132068965e-07 2.35462219194e-07 0.0796153573479 0.111345087496 1.09831434377e-07 3.46863370912e-06 2.06613357275e-16 6.17908979991e-13 0.808806444722 0.00022913637455
Doc #395: 7.27523870421e-09 3.71611037616e-05 3.33939367594e-10 3.84776954371e-13 0.999962766038 1.56179467438e-17 9.43934264247e-29 8.11065180762e-09 3.3350296951e-09 5.38031486979e-08
Doc #396: 0.063307883618 0.0741507943294 1.26101660992e-06 0.179606622909 3.03964810232e-13 0.00422522159214 0.000724856789335 0.010136883714 0.667846476022 9.09955511888e-12
Doc #397: 3.37318870644e-13 5.28985533305e-09 0.676472493179 4.41007496476e-19 0.0742173048553 7.3809976164e-23 2.03638883057e-15 1.40183097057e-14 1.04887560032e-18 0.249310196676
Doc #398: 3.76496169745e-08 8.49412271735e-16 1.06950637114e-06 1.27076310653e-13 1.43440046851e-09 1.38284465943e-16 0.000170499163702 3.68719418704e-12 2.02214149001e-12 0.99982839224
Doc #399: 0.000391267572383 1.25933789759e-11 0.223520765669 1.23551722816e-08 0.133666456354 2.18058845489e-18 6.78891413654e-18 6.24546286552e-12 0.64242149803 2.61943453424e-15
Doc #400: 0.991801694889 5.18578137794e-12 6.45590033953e-13 3.59588699396e-10 7.85430176196e-05 8.3922174712e-08 6.77877531596e-09 2.59371409166e-11 2.67927454677e-18 0.00811967100113
Doc #401: 0.120786797938 0.00346167593368 0.0344648739743 1.74590457199e-15 8.09005534951e-07 9.15457174862e-09 0.0427414680379 8.85316615141e-10 0.102670856786 0.695873508285
Doc #402: 0.200649454265 9.87496796783e-14 0.133929941689 0.00128014810743 0.0943789552379 4.08061411517e-09 8.97543872664e-05 0.106826115795 0.0513072637231 0.411538362715
Doc #403: 0.000178621881616 8.53013276057e-05 0.693387226479 3.64962438566e-07 0.111328451564 1.97819602233e-11 3.51764647534e-13 0.00291991304904 0.0976027210761 0.09449739964
Doc #404: 0.0317800615993 3.44194453844e-13 1.71021898731e-06 6.17382048658e-15 1.3029347129e-10 7.33717542678e-16 0.96701351291 0.00120460127745 5.81221918337e-08 5.5741837519e-08
Doc #405: 8.97609830826e-12 3.40821212644e-13 1.70520980135e-19 2.64550295891e-16 2.45550378519e-11 2.00022201967e-17 3.235655538e-18 2.57116183155e-11 0.99999999994 8.03680484342e-23
Doc #406: 8.19395955134e-11 2.48468123974e-06 4.01927154007e-15 6.92839121057e-12 1.37495649099e-07 1.66918761735e-17 9.96001568451e-13 0.843636749114 0.156360628619 8.86474984972e-16
Doc #407: 0.193598859461 1.34485020435e-12 0.00215273941393 6.57921641903e-13 6.45057057254e-19 0.793349282816 0.0108988777584 1.82816148712e-07 5.77325111056e-08 9.57848224025e-18
Doc #408: 0.0120903716276 0.000245962504327 1.13919895075e-10 0.0477449297531 0.114420137408 1.13231071418e-06 6.95624393513e-09 0.579855706613 0.20882163924 0.036820113473
Doc #409: 9.4384611083e-16 1.82940497098e-09 3.665335432e-13 1.02379908966e-21 7.70653555483e-22 6.33817780362e-15 4.4222124761e-23 6.53687331809e-32 9.52874546572e-27 0.99999999817
Doc #410: 8.02026154003e-05 0.632428313952 1.87546440325e-11 1.97452726225e-20 0.316856476829 7.47192777112e-13 2.2081139617e-19 0.0506313394919 3.66709304798e-06 6.88296046668e-23
Doc #411: 1.4503059368e-14 1.60777395648e-20 1.38522337223e-17 6.15220882009e-24 1.60827962821e-10 8.17002546386e-27 0.966186391117 1.91773000558e-25 1.32883080867e-29 0.0338136087225
Doc #412: 7.82287586905e-13 5.48625941042e-10 2.32931085739e-11 4.49981077447e-22 0.00033567605993 1.97330633836e-14 8.38469838602e-12 4.93083723207e-10 0.999664322866 2.67704554002e-13
Doc #413: 3.55734233554e-14 2.73482527551e-12 0.372457219858 0.0012725327632 7.96998927905e-15 0.626152029986 0.000116806225657 1.01478565503e-10 4.4516408129e-11 1.41101831284e-06
Doc #414: 3.23287821079e-07 2.120137342e-06 2.01097364489e-05 2.00525362709e-10 0.0846718706113 2.07476700725e-09 1.00809508257e-08 4.68104507967e-05 0.780954260271 0.134304493149
Doc #415: 4.39985426722e-07 1.0021918223e-06 0.0895554406954 0.798479649704 3.62386182733e-07 0.11196206708 1.02895123459e-06 7.57848554819e-09 1.33439106688e-09 9.35723214785e-11
Doc #416: 1.73865458945e-05 0.157094384204 0.000964613876179 1.60015537292e-05 0.0583834434891 0.308943373819 1.36322061648e-09 2.96616081274e-11 0.179695457108 0.294885338011
Doc #417: 7.10486604389e-08 2.86351461736e-10 7.81966001404e-09 6.10022032412e-09 5.22521197574e-06 1.96429675057e-10 0.422348063824 0.548677319367 0.0289693061263 1.96540520351e-11
