Topic #0: 0.0 0.0496270057639 0.0723906574081 0.022223687628 0.0 0.0208195607103 0.0 0.0 0.0869755896149 0.0342342899463 0.0 0.0625217549016 0.0 0.0583225273506 0.0 0.0 0.0781205573881 0.0 0.0 0.0 0.0 0.0907246238937 0.0 0.0 0.00556238462601 0.0 0.0 0.0 0.0 0.036616285368 0.0308466801389 0.0501784544679 0.0197079684436 0.0190977226829 0.0 0.0 0.0 0.140662191995 0.0429133940082 0.0 0.0 0.0 0.0706974465884 0.0 0.0 0.00775721707574
Topic #1: 0.0780903482907 0.0 0.0 0.0 0.0789076361777 0.0 0.0677361134281 0.0749580270687 0.0 0.0 0.0 0.0 0.0 0.0 0.0757846507518 0.0425248793699 0.0 0.0250019185606 0.0 0.0 0.0624548998791 0.0 0.0567934982834 0.0 0.0 0.0 0.0337361943262 0.0 0.0315200795858 0.0 0.0 0.0 0.0 0.0150239089401 0.0 0.0 0.0371174417184 0.0 0.0 0.0769173469627 0.07546512864 0.0925837127377 0.0 0.0 0.0753842152791 0.0
Topic #2: 0.0140000641711 0.0 0.0 0.0 0.00536538998226 0.0 0.0303466388809 0.0338283073964 0.0 0.0 0.0 0.0 0.0 0.0 0.0709687071103 0.0162945891826 0.0 0.00389850907389 0.0 0.0 0.00198886640781 0.0 0.0300535720382 0.0 0.0 0.0 0.514629959759 0.0 0.0165572533723 0.0 0.0 0.0 0.0 0.0131695506649 0.0 0.0 0.191130520001 0.0 0.0 0.00961015634955 0.00776250359276 0.0256995896591 0.0 0.0 0.014695822358 0.0
Topic #3: 0.0708770272424 0.0 0.0 0.0 0.0756779644541 0.0 0.0232078424365 0.0918266295569 0.0 0.0 0.0 0.0 0.0 0.0 0.0934914242068 0.0432978960545 0.0 0.0412030197071 0.0 0.0 0.0478960479365 0.0 0.0811120708887 0.0 0.0 0.0 0.0797757091789 0.0 0.00769207986955 0.0 0.0 0.0 0.0 0.111139964908 0.0 0.0 0.0166711918678 0.0 0.0 0.057767290327 0.0497313278957 0.0790751223999 0.0 0.0 0.0295573910693 0.0
Topic #4: 0.0 0.0 0.0 0.0 0.0 0.0 0.0 0.0 0.0 0.0 0.0682442408355 0.0 0.114678484723 0.0 0.0 0.0 0.0 0.0 0.102206637705 0.142990451239 0.0 0.0 0.0 0.102579946092 0.0 0.0798900936553 0.0323290838509 0.0771572182998 0.0 0.0 0.0 0.0 0.0 0.0 0.0829198811967 0.103418439074 0.0504235748187 0.0 0.0 0.0 0.0 0.0 0.0 0.0431619485106 0.0 0.0
Topic #5: 0.0 0.0581857350822 0.0349244349105 0.0475041629889 0.0 0.0330014002569 0.0 0.0 0.00384836705466 0.0220103926585 0.0 0.0516131177466 0.0 0.0314285204198 0.0 0.0 0.039387015624 0.0 0.0 0.0 0.0 0.0641662541043 0.0 0.0 0.0645459127411 0.0 0.0 0.0 0.0 0.00776778132658 0.0474661352277 0.06565049484 0.0147453058993 0.223395838273 0.0 0.0 0.0 0.00379372938632 0.0627265908504 0.0 0.0 0.0 0.0660529334649 0.0 0.0 0.0577858771441
Topic #6: 0.0 0.051248888796 0.0426904932008 0.0814937221254 0.0 0.0806242768679 0.0 0.0 0.0325719645382 0.0466044643418 0.0 0.0292355092012 0.0 0.0248905083409 0.0 0.0 0.0760903228103 0.0 0.0 0.0 0.0 0.0449000452292 0.0 0.0 0.0902259905864 0.0 0.0 0.0 0.0 0.0591361164549 0.0308160680093 0.0895067962474 0.0530121485921 0.00637432088722 0.0 0.0 0.0 0.12027011223 0.00287328865002 0.0 0.0 0.0 0.0127538422328 0.0 0.0 0.0246811206586
Topic #7: 0.0 0.0798406625337 0.0365816311214 0.0387064095961 0.0 0.0520950310659 0.0 0.0 0.00113288038422 0.0354988827586 0.0 0.00493678993322 0.0 0.075159044588 0.0 0.0 0.0667364875504 0.0 0.0 0.0 0.0 0.00127787171603 0.0 0.0 0.0599268641753 0.0 0.0 0.0 0.0 0.07303055803 0.0566884966718 0.063046742945 0.0230111525359 0.0955947744522 0.0 0.0 0.0 0.0567143351207 0.079431955104 0.0 0.0 0.0 0.041553398315 0.0 0.0 0.0590360314026
Topic #8: 0.0 0.0 0.0 0.0 0.0 0.0 0.0 0.0 0.0 0.0 0.125014703537 0.0 0.0476262763874 0.0 0.0 0.0 0.0 0.0 0.0684121564524 0.00044087236723 0.0 0.0 0.0 0.0677899917204 0.0 0.105605445259 0.0669596855057 0.110160121026 0.0 0.0 0.0 0.0 0.0 0.0 0.100555928506 0.0663925391598 0.0742248251704 0.0 0.0 0.0 0.0 0.0 0.0 0.166817454908 0.0 0.0
Topic #9: 3.613912917e-27 0.0 0.0 0.0 2.37780287819e-26 0.0 1.39880230541e-26 7.0757256747e-26 0.0 0.0 1.77066629338e-35 0.0 3.18677526597e-36 0.0 1.3217956008e-25 7.0853381407e-27 0.0 8.04214439818e-26 3.32032503418e-36 7.99391967642e-36 1.05311873659e-26 0.0 5.30363100017e-26 6.32034481925e-36 0.0 1.05453241823e-36 0.594500795224 1.49871947023e-36 2.13703307916e-26 0.0 0.0 0.0 0.0 1.41483644611e-27 2.38119946886e-36 1.43874066616e-35 0.405499204776 0.0 0.0 3.01155732417e-26 4.84153103705e-26 2.22639377405e-27 0.0 1.46658180228e-36 4.01942612438e-26 0.0
Topic #10: 0.00575841604062 0.0 0.0 0.0 0.0306043696149 0.0 0.0385959407563 0.0371072449594 0.0 0.0 0.0 0.0 0.0 0.0 0.140800732199 0.0438425895681 0.0 0.110309049886 0.0 0.0 0.048604208939 0.0 0.00289252844392 0.0 0.0 0.0 0.133938548669 0.0 0.064005733928 0.0 0.0 0.0 0.0 0.077552254985 0.0 0.0 0.16427348965 0.0 0.0 0.00112330151388 0.026401477594 0.0239452921624 0.0 0.0 0.0502448210898 0.0
Topic #11: 4.94418054134e-26 0.0 0.0 0.0 5.96883709618e-27 0.0 2.4105734704e-26 3.5312984384e-26 0.0 0.0 6.03723537934e-36 0.0 5.96117834408e-36 0.0 7.61411192842e-26 4.61436355074e-26 0.0 7.82179905385e-26 3.4371083176e-36 4.09458442783e-36 4.4164814671e-27 0.0 1.0777337798e-25 1.68058701348e-36 0.0 2.87322046407e-36 0.593297533877 2.92956145197e-36 5.44488485251e-26 0.0 0.0 0.0 0.0 1.75676797987e-25 2.82158484727e-36 1.26327460061e-35 0.406702466123 0.0 0.0 4.61853972349e-26 3.57212064719e-26 6.87518824249e-26 0.0 7.3081512259e-37 4.63361352506e-26 0.0
Topic #12: 0.0 0.00974024051629 0.059632453408 0.0490936219484 0.0 0.0417973377941 0.0 0.0 0.0757651907854 0.0536224710909 0.0 0.00806299046174 0.0 0.104014959531 0.0 0.0 0.0230205167094 0.0 0.0 0.0 0.0 0.00175647933931 0.0 0.0 0.0443068633912 0.0 0.0 0.0 0.0 0.0714618548034 0.0789462062722 0.0482956732245 0.0223402286354 0.080262973459 0.0 0.0 0.0 0.0456049774788 0.064296179549 0.0 0.0 0.0 0.0705261240911 0.0 0.0 0.0474526575105
Topic #13: 0.0 0.0549672813084 0.0407146184041 0.0445507771188 0.0 0.0163066606856 0.0 0.0 0.0667428301713 0.0764498805639 0.0 0.109974900346 0.0 0.0134266138198 0.0 0.0 0.0157109702234 0.0 0.0 0.0 0.0 0.0812646650473 0.0 0.0 0.00392415959507 0.0 0.0 0.0 0.0 0.0262381198108 0.0470252168499 0.010434968091 0.0902561670185 0.0223874834548 0.0 0.0 0.0 0.0876643835885 0.0564998237592 0.0 0.0 0.0 0.054222377162 0.0 0.0 0.0812381029815
Topic #14: 0.0 0.0756573750955 0.0662589303374 0.00607469378169 0.0 0.0360692325428 0.0 0.0 0.0804863516977 0.0157816030401 0.0 0.0562687532267 0.0 0.0478306602489 0.0 0.0 0.0140773670196 0.0 0.0 0.0 0.0 0.0708736983861 0.0 0.0 0.0492699230677 0.0 0.0 0.0 0.0 0.0904775204368 0.0840353019372 0.00839812230896 0.0661558233182 0.0098148813929 0.0 0.0 0.0 0.118763356045 0.050193839762 0.0 0.0 0.0 0.00683207794024 0.0 0.0 0.0466804884147
Topic #15: 0.0670122127866 0.0 0.0 0.0 0.0133584698833 0.0 0.0301590188421 0.066600274143 0.0 0.0 0.0 0.0 0.0 0.0 0.0907706910769 0.0832072073697 0.0 0.0659034261827 0.0 0.0 0.0910606013978 0.0 0.0603314228681 0.0 0.0 0.0 0.0151438671156 0.0 0.0762733095771 0.0 0.0 0.0 0.0 0.0417340796704 0.0 0.0 0.0970903481329 0.0 0.0 0.0752180381585 0.0721973571894 0.00506519796087 0.0 0.0 0.048874477645 0.0
Topic #16: 0.051531652534 0.0 0.0 0.0 0.0622269105412 0.0 0.077163399984 0.0197967189479 0.0 0.0 0.0 0.0 0.0 0.0 0.131895174063 0.0644756598574 0.0 0.0489227908099 0.0 0.0 0.0371285604191 0.0 0.0714107063024 0.0 0.0 0.0 0.00927757002227 0.0 0.0812052643486 0.0 0.0 0.0 0.0 0.0625535541051 0.0 0.0 0.0737157005578 0.0 0.0 0.0581841718645 0.0475693502187 0.0517076369212 0.0 0.0 0.0512351785032 0.0
Topic #17: 0.0 0.0360210649958 0.030620593204 0.0430205826137 0.0 0.0821619465879 0.0 0.0 0.0113299722239 0.0398612760195 0.0 0.0518431761645 0.0 0.0318164991756 0.0 0.0 0.0243361589372 0.0 0.0 0.0 0.0 0.0373370058624 0.0 0.0 0.0852256833728 0.0 0.0 0.0 0.0 0.0277152142673 0.0483985266197 0.0160393628353 0.0724089297235 0.0656863543448 0.0 0.0 0.0 0.119452693707 0.0588134335016 0.0 0.0 0.0 0.0430351582155 0.0 0.0 0.0748763676282
