
 
 name            pos   ab    h    2b    3b    hr    rbi    rs    sb    e    avg
 ------------------------------------------------------------------------------
 galarraga       1b    54   23     6           2     15     6     1        .426
 sheaffer         c     3    1                                             .333
 boston          of    28    9                        3     8              .321
 cole            cf    43   13     1     1            2    13     8        .302
 hayes           3b    46   13     2           3     11     7     2    3   .283
 bichette        rf    39   10     1           3     10     8     1        .256
 e. young        2b    51   13     2     1     1      7    12     9    3   .255
 tatum           3b     8    2     1                                       .250
 murphy          of     8    2                        2                    .250
 clark           lf    37    9     3     1     1      3     3          1   .243
 girardi          c    45   10     2     1            3     3          1   .222
 castilla        ss     7    1                                         1   .143
 benavides       ss    35    5     1                  5     3          4   .143
 pitchers         p    24    1                              1              .042
 g. young        of     3                                   2          1   .000
 ------------------------------------------------------------------------------
 totals               431  112    19     4    10     61    66    21   14   .260
 
 name      l/r gs cg    ip     h    r    er    k    bb    era    w    l    s
 ---------------------------------------------------------------------------
 aldred     l           6      4    3     1    3     8    1.50   0    0    0
 ashby      r   2  0   11     12    3     3    5     9    2.45   0    0    0 
 wayne      l           3.7    4    1     1    3     2    2.45   0    1    0
 neid       r   4  1   29     27   11    10   15    10    3.10   3    1    0
 parrett    r          10      8    4     4   12     7    3.60   0    0    0
 smith      r   3  0   16.3   22    8     8    3     5    4.41   1    2    0
 blair      r           8      9    6     4    5     3    4.50   0    0    0
 ruffin     l   2  0    9.3   15    7     5    7     6    4.82   1    1    0
 henry      l   2  0   12.7   14    9     8    5     5    5.68   0    2    0
 reed       r           3.7    8    7     7    2     3   17.18   0    0    0
 holmes     r           2.3    8   10     9    3     4   34.71   0    1    0
 ---------------------------------------------------------------------------
 totals        13  1  112    131   69    60   63    62    4.82   5    8    0
 
 